Date of Census,Total Adults in Shelter,Total Children in Shelter,Total Individuals in Shelter,Single Adult Men in Shelter,Single Adult Women in Shelter,Total Single Adults in Shelter,Families with Children in Shelter,Adults in Families with Children in Shelter,Children in Families with Children in Shelter,Total Individuals in Families with Children in Shelter ,Adult Families in Shelter,Individuals in Adult Families in Shelter
08/21/2013,28359,21314,49673,7231,2710,9941,10261,14607,21314,35921,1796,3811
08/22/2013,28366,21324,49690,7201,2716,9917,10274,14622,21324,35946,1803,3827
08/23/2013,28257,21291,49548,7149,2671,9820,10266,14611,21291,35902,1802,3826
08/24/2013,28274,21343,49617,7110,2690,9800,10291,14650,21343,35993,1801,3824
08/25/2013,28458,21400,49858,7230,2704,9934,10324,14694,21400,36094,1804,3830
08/26/2013,28485,21392,49877,7252,2704,9956,10307,14688,21392,36080,1809,3841
08/27/2013,28414,21322,49736,7209,2713,9922,10277,14640,21322,35962,1813,3852
08/28/2013,28428,21325,49753,7229,2721,9950,10284,14647,21325,35972,1803,3831
08/29/2013,28396,21412,49808,7151,2709,9860,10316,14696,21412,36108,1807,3840
08/30/2013,28182,21343,49525,7032,2653,9685,10281,14651,21343,35994,1811,3846
08/31/2013,28127,21335,49462,6949,2661,9610,10287,14662,21335,35997,1815,3855
09/01/2013,28259,21403,49662,6997,2672,9669,10326,14719,21403,36122,1822,3871
09/02/2013,28377,21404,49781,7094,2707,9801,10319,14704,21404,36108,1823,3872
09/04/2013,28379,21372,49751,7110,2741,9851,10303,14683,21372,36055,1811,3845
09/06/2013,28337,21410,49747,7088,2723,9811,10306,14681,21410,36091,1811,3845
09/07/2013,28410,21502,49912,7056,2731,9787,10354,14757,21502,36259,1821,3866
09/08/2013,28402,21555,49957,7156,2588,9744,10377,14785,21555,36340,1824,3873
09/09/2013,28557,21566,50123,7145,2744,9889,10384,14798,21566,36364,1823,3870
09/10/2013,28572,21577,50149,7147,2743,9890,10394,14805,21577,36382,1826,3877
09/11/2013,28580,21571,50151,7166,2729,9895,10387,14804,21571,36375,1829,3881
09/12/2013,28587,21653,50240,7124,2750,9874,10423,14842,21653,36495,1824,3871
09/13/2013,28556,21662,50218,7106,2743,9849,10417,14835,21662,36497,1825,3872
09/14/2013,28556,21694,50250,7098,2752,9850,10428,14853,21694,36547,1816,3853
09/15/2013,28773,21767,50540,7222,2773,9995,10471,14918,21767,36685,1819,3860
09/16/2013,28801,21725,50526,7222,2773,9995,10455,14911,21725,36636,1836,3895
09/17/2013,28755,21697,50452,7221,2794,10015,10439,14878,21697,36575,1819,3862
09/18/2013,28787,21663,50450,7277,2783,10060,10435,14871,21663,36534,1816,3856
09/19/2013,28719,21695,50414,7172,2783,9955,10455,14893,21695,36588,1824,3871
09/20/2013,28673,21705,50378,7185,2751,9936,10453,14883,21705,36588,1817,3854
09/21/2013,28619,21663,50282,7189,2738,9927,10426,14840,21663,36503,1816,3852
09/22/2013,28751,21710,50461,7227,2777,10004,10457,14883,21710,36593,1822,3864
09/23/2013,28874,21734,50608,7280,2801,10081,10465,14912,21734,36646,1830,3881
09/24/2013,28850,21675,50525,7305,2782,10087,10440,14882,21675,36557,1828,3881
09/25/2013,28863,21721,50584,7295,2787,10082,10453,14894,21721,36615,1832,3887
09/26/2013,28888,21804,50692,7287,2771,10058,10483,14934,21804,36738,1836,3896
09/27/2013,28729,21757,50486,7185,2739,9924,10465,14905,21757,36662,1838,3900
09/28/2013,28688,21746,50434,7178,2718,9896,10462,14910,21746,36656,1829,3882
09/29/2013,28815,21780,50595,7264,2724,9988,10480,14927,21780,36707,1837,3900
09/30/2013,28860,21786,50646,7275,2742,10017,10471,14931,21786,36717,1843,3912
10/01/2013,28581,21734,50315,7129,2684,9813,10438,14869,21734,36603,1838,3899
10/02/2013,28583,21768,50351,7073,2681,9754,10469,14916,21768,36684,1845,3913
10/04/2013,28521,21818,50339,6999,2672,9671,10488,14944,21818,36762,1842,3906
10/05/2013,28507,21817,50324,7012,2666,9678,10483,14928,21817,36745,1839,3901
10/06/2013,28691,21890,50581,7092,2685,9777,10531,14998,21890,36888,1847,3916
10/07/2013,28767,21870,50637,7133,2726,9859,10517,14989,21870,36859,1849,3919
10/08/2013,28772,21830,50602,7165,2722,9887,10494,14972,21830,36802,1846,3913
10/09/2013,28833,21853,50686,7192,2728,9920,10512,14994,21853,36847,1850,3919
10/10/2013,28834,21894,50728,7161,2717,9878,10536,15030,21894,36924,1852,3926
10/11/2013,28791,21883,50674,7091,2738,9829,10534,15037,21883,36920,1851,3925
10/12/2013,28736,21857,50593,7081,2705,9786,10520,15006,21857,36863,1861,3944
10/13/2013,28921,21944,50865,7168,2741,9909,10556,15051,21944,36995,1869,3961
10/14/2013,29014,21948,50962,7248,2751,9999,10558,15053,21948,37001,1869,3962
10/15/2013,28998,21894,50892,7251,2758,10009,10542,15044,21894,36938,1861,3945
10/16/2013,28924,21848,50772,7234,2752,9986,10513,15006,21848,36854,1856,3932
10/17/2013,28914,21848,50762,7216,2774,9990,10510,15004,21848,36852,1849,3920
10/18/2013,28856,21876,50732,7156,2743,9899,10519,15015,21876,36891,1859,3942
10/19/2013,28918,21898,50816,7205,2749,9954,10534,15024,21898,36922,1858,3940
10/20/2013,29094,21965,51059,7297,2776,10073,10568,15070,21965,37035,1863,3951
10/21/2013,29088,21974,51062,7296,2777,10073,10573,15078,21974,37052,1856,3937
10/22/2013,29058,21936,50994,7319,2787,10106,10549,15042,21936,36978,1842,3910
10/23/2013,29125,21927,51052,7358,2801,10159,10554,15042,21927,36969,1849,3924
10/24/2013,29180,21973,51153,7356,2793,10149,10587,15087,21973,37060,1858,3944
10/25/2013,29036,21976,51012,7275,2759,10034,10574,15064,21976,37040,1855,3938
10/26/2013,29058,21997,51055,7264,2770,10034,10592,15076,21997,37073,1860,3948
10/27/2013,29211,22051,51262,7350,2793,10143,10623,15114,22051,37165,1863,3954
10/28/2013,29207,22056,51263,7352,2774,10126,10613,15113,22056,37169,1870,3968
10/29/2013,29187,22035,51222,7342,2787,10129,10598,15100,22035,37135,1866,3958
10/30/2013,29128,22035,51163,7282,2795,10077,10589,15087,22035,37122,1869,3964
10/31/2013,29037,22024,51061,7222,2773,9995,10582,15072,22024,37096,1872,3970
11/01/2013,28743,21990,50733,7043,2693,9736,10570,15057,21990,37047,1864,3950
11/02/2013,28694,21964,50658,7031,2704,9735,10548,15022,21964,36986,1857,3937
11/03/2013,28871,22010,50881,7164,2725,9889,10571,15052,22010,37062,1854,3930
11/04/2013,28930,21982,50912,7232,2722,9954,10555,15037,21982,37019,1858,3939
11/05/2013,28965,21976,50941,7278,2711,9989,10551,15026,21976,37002,1863,3950
11/06/2013,28995,21990,50985,7271,2724,9995,10547,15024,21990,37014,1875,3976
11/07/2013,29000,22028,51028,7269,2714,9983,10562,15047,22028,37075,1872,3970
11/08/2013,28926,22034,50960,7200,2695,9895,10559,15052,22034,37086,1876,3979
11/09/2013,28858,22060,50918,7152,2682,9834,10564,15052,22060,37112,1873,3972
11/10/2013,28992,22074,51066,7254,2687,9941,10581,15066,22074,37140,1879,3985
11/11/2013,29070,22096,51166,7306,2699,10005,10585,15079,22096,37175,1879,3986
11/13/2013,29063,22047,51110,7318,2720,10038,10561,15038,22047,37085,1879,3987
11/14/2013,29077,22108,51185,7308,2703,10011,10587,15080,22108,37188,1879,3986
11/18/2013,29152,22224,51376,7283,2722,10005,10632,15158,22224,37382,1882,3989
11/20/2013,29171,22206,51377,7309,2732,10041,10622,15148,22206,37354,1879,3982
11/21/2013,29169,22211,51380,7277,2740,10017,10633,15158,22211,37369,1885,3994
11/22/2013,29025,22189,51214,7203,2695,9898,10623,15139,22189,37328,1882,3988
11/23/2013,29023,22175,51198,7218,2710,9928,10612,15106,22175,37281,1882,3989
11/24/2013,29185,22237,51422,7323,2729,10052,10638,15144,22237,37381,1882,3989
11/25/2013,29237,22252,51489,7347,2728,10075,10648,15169,22252,37421,1882,3993
11/26/2013,29178,22168,51346,7375,2712,10087,10614,15112,22168,37280,1875,3979
11/27/2013,29119,22164,51283,7325,2694,10019,10616,15111,22164,37275,1882,3989
11/28/2013,28902,22174,51076,7166,2661,9827,10606,15094,22174,37268,1878,3981
11/29/2013,28841,22135,50976,7159,2635,9794,10597,15074,22135,37209,1873,3973
12/01/2013,29067,22151,51218,7300,2686,9986,10599,15082,22151,37233,1885,3999
12/02/2013,29002,22091,51093,7305,2697,10002,10559,15026,22091,37117,1874,3974
12/03/2013,28926,22003,50929,7292,2685,9977,10526,14986,22003,36989,1868,3963
12/04/2013,28887,22022,50909,7251,2695,9946,10524,14977,22022,36999,1868,3964
12/05/2013,28908,22063,50971,7246,2682,9928,10551,15009,22063,37072,1872,3971
12/06/2013,28874,22052,50926,7253,2675,9928,10543,14990,22052,37042,1866,3956
12/07/2013,28933,22066,50999,7286,2697,9983,10546,14983,22066,37049,1871,3967
12/08/2013,29108,22129,51237,7389,2708,10097,10576,15023,22129,37152,1881,3988
12/09/2013,29150,22164,51314,7402,2707,10109,10588,15040,22164,37204,1887,4001
12/10/2013,29096,22060,51156,7417,2712,10129,10545,14976,22060,37036,1883,3991
12/11/2013,29085,22089,51174,7395,2694,10089,10565,15005,22089,37094,1883,3991
12/12/2013,29118,22085,51203,7415,2695,10110,10578,15025,22085,37110,1878,3983
12/13/2013,29007,22066,51073,7317,2693,10010,10570,15015,22066,37081,1877,3982
12/14/2013,28984,22036,51020,7333,2694,10027,10560,15003,22036,37039,1864,3954
12/15/2013,29083,22069,51152,7398,2706,10104,10575,15032,22069,37101,1861,3947
12/16/2013,29161,22054,51215,7442,2725,10167,10564,15027,22054,37081,1872,3967
12/17/2013,29156,22027,51183,7441,2728,10169,10562,15028,22027,37055,1866,3959
12/18/2013,29129,22022,51151,7421,2729,10150,10552,15005,22022,37027,1873,3974
12/20/2013,28878,21993,50871,7237,2687,9924,10537,14994,21993,36987,1866,3960
12/21/2013,28867,21984,50851,7210,2691,9901,10542,15005,21984,36989,1867,3961
12/22/2013,28960,22032,50992,7267,2698,9965,10565,15037,22032,37069,1865,3958
12/23/2013,29041,22041,51082,7308,2703,10011,10561,15046,22041,37087,1878,3984
12/24/2013,28826,21992,50818,7201,2671,9872,10532,15000,21992,36992,1863,3954
12/25/2013,28938,22027,50965,7261,2681,9942,10556,15036,22027,37063,1866,3960
12/26/2013,28997,22016,51013,7311,2692,10003,10547,15029,22016,37045,1868,3965
12/27/2013,28890,21971,50861,7281,2678,9959,10508,14973,21971,36944,1865,3958
12/28/2013,28826,21961,50787,7261,2660,9921,10494,14950,21961,36911,1864,3955
12/29/2013,28992,22002,50994,7374,2664,10038,10516,14981,22002,36983,1873,3973
12/30/2013,28947,21980,50927,7337,2684,10021,10500,14958,21980,36938,1871,3968
12/31/2013,28463,21907,50370,7030,2588,9618,10458,14889,21907,36796,1867,3956
01/01/2014,28770,21919,50689,7269,2650,9919,10469,14897,21919,36816,1866,3954
01/02/2014,28843,21954,50797,7289,2661,9950,10484,14930,21954,36884,1871,3963
01/03/2014,28947,22007,50954,7323,2678,10001,10521,14978,22007,36985,1872,3968
01/04/2014,28954,22003,50957,7320,2684,10004,10520,14971,22003,36974,1877,3979
01/05/2014,28991,21966,50957,7386,2692,10078,10502,14941,21966,36907,1874,3972
01/06/2014,28974,21936,50910,7399,2704,10103,10462,14896,21936,36832,1874,3975
01/07/2014,29110,21972,51082,7462,2745,10207,10487,14929,21972,36901,1874,3974
01/08/2014,29187,22132,51319,7423,2728,10151,10567,15051,22132,37183,1878,3985
01/09/2014,29190,22162,51352,7367,2736,10103,10586,15074,22162,37236,1892,4013
01/10/2014,29020,22105,51125,7344,2703,10047,10549,15016,22105,37121,1864,3957
01/11/2014,28983,22071,51054,7332,2694,10026,10543,14999,22071,37070,1865,3958
01/12/2014,29139,22122,51261,7387,2726,10113,10584,15055,22122,37177,1872,3971
01/13/2014,29189,22156,51345,7373,2749,10122,10598,15082,22156,37238,1881,3985
01/14/2014,29132,22095,51227,7386,2756,10142,10559,15026,22095,37121,1870,3964
01/15/2014,29169,22175,51344,7373,2771,10144,10591,15066,22175,37241,1867,3959
01/16/2014,29207,22206,51413,7391,2766,10157,10605,15087,22206,37293,1870,3963
01/17/2014,29157,22214,51371,7330,2756,10086,10609,15096,22214,37310,1876,3975
01/18/2014,29150,22169,51319,7369,2754,10123,10591,15065,22169,37234,1871,3962
01/19/2014,29249,22223,51472,7403,2765,10168,10624,15107,22223,37330,1877,3974
01/20/2014,29341,22244,51585,7459,2785,10244,10627,15115,22244,37359,1881,3982
01/21/2014,29395,22254,51649,7485,2787,10272,10627,15126,22254,37380,1888,3997
01/22/2014,29484,22325,51809,7511,2798,10309,10669,15179,22325,37504,1888,3996
01/23/2014,29552,22330,51882,7557,2804,10361,10666,15174,22330,37504,1898,4017
01/24/2014,29538,22369,51907,7506,2803,10309,10685,15213,22369,37582,1897,4016
01/25/2014,29520,22407,51927,7482,2800,10282,10698,15231,22407,37638,1893,4007
01/26/2014,29654,22467,52121,7540,2804,10344,10737,15282,22467,37749,1904,4028
01/27/2014,29680,22488,52168,7545,2814,10359,10740,15295,22488,37783,1903,4026
01/28/2014,29686,22492,52178,7556,2806,10362,10752,15305,22492,37797,1899,4019
01/29/2014,29735,22512,52247,7578,2816,10394,10767,15326,22512,37838,1897,4015
01/30/2014,29708,22523,52231,7540,2803,10343,10772,15341,22523,37864,1902,4024
01/31/2014,29412,22497,51909,7378,2733,10111,10744,15304,22497,37801,1891,3997
02/01/2014,29270,22398,51668,7371,2728,10099,10684,15213,22398,37611,1872,3958
02/02/2014,29309,22415,51724,7384,2730,10114,10692,15229,22415,37644,1875,3966
02/03/2014,29469,22474,51943,7455,2756,10211,10727,15278,22474,37752,1881,3980
02/04/2014,29566,22511,52077,7463,2770,10233,10759,15323,22511,37834,1895,4010
02/05/2014,29610,22527,52137,7497,2769,10266,10760,15322,22527,37849,1902,4022
02/06/2014,29662,22537,52199,7513,2761,10274,10767,15341,22537,37878,1914,4047
02/07/2014,29606,22556,52162,7452,2740,10192,10774,15356,22556,37912,1919,4058
02/08/2014,29502,22490,51992,7419,2744,10163,10742,15296,22490,37786,1911,4043
02/09/2014,29609,22475,52084,7523,2753,10276,10730,15278,22475,37753,1917,4055
02/10/2014,29686,22478,52164,7577,2769,10346,10734,15297,22478,37775,1911,4043
02/11/2014,29706,22460,52166,7602,2790,10392,10722,15280,22460,37740,1906,4034
02/12/2014,29672,22465,52137,7576,2788,10364,10725,15291,22465,37756,1897,4017
02/13/2014,29775,22544,52319,7594,2780,10374,10770,15351,22544,37895,1913,4050
02/14/2014,29630,22523,52153,7503,2756,10259,10763,15333,22523,37856,1908,4038
02/15/2014,29582,22487,52069,7504,2759,10263,10738,15303,22487,37790,1896,4016
02/16/2014,29668,22497,52165,7567,2773,10340,10740,15304,22497,37801,1900,4024
02/17/2014,29751,22519,52270,7612,2785,10397,10754,15322,22519,37841,1904,4032
02/18/2014,29790,22535,52325,7607,2791,10398,10764,15347,22535,37882,1910,4045
02/19/2014,29752,22509,52261,7605,2783,10388,10743,15324,22509,37833,1907,4040
02/20/2014,29693,22478,52171,7606,2772,10378,10731,15310,22478,37788,1889,4005
02/22/2014,29576,22498,52074,7489,2735,10224,10744,15333,22498,37831,1895,4019
02/23/2014,29694,22555,52249,7552,2740,10292,10771,15369,22555,37924,1902,4033
02/24/2014,29757,22544,52301,7611,2764,10375,10754,15352,22544,37896,1901,4030
02/25/2014,29747,22514,52261,7633,2771,10404,10738,15327,22514,37841,1894,4016
02/26/2014,29749,22589,52338,7614,2768,10382,10758,15350,22589,37939,1895,4017
02/27/2014,29742,22612,52354,7592,2765,10357,10771,15358,22612,37970,1899,4027
02/28/2014,29579,22605,52184,7494,2721,10215,10766,15344,22605,37949,1894,4020
03/01/2014,29536,22631,52167,7448,2687,10135,10778,15357,22631,37988,1906,4044
03/02/2014,29639,22656,52295,7535,2704,10239,10796,15378,22656,38034,1895,4022
03/03/2014,29645,22626,52271,7553,2722,10275,10776,15351,22626,37977,1893,4019
03/04/2014,29593,22525,52118,7555,2723,10278,10739,15296,22525,37821,1893,4019
03/05/2014,29633,22495,52128,7568,2743,10311,10729,15296,22495,37791,1896,4026
03/07/2014,29561,22509,52070,7498,2711,10209,10743,15315,22509,37824,1900,4037
03/08/2014,29511,22520,52031,7457,2706,10163,10753,15340,22520,37860,1885,4008
03/09/2014,29640,22571,52211,7520,2713,10233,10787,15382,22571,37953,1893,4025
03/10/2014,29651,22506,52157,7557,2752,10309,10748,15336,22506,37842,1884,4006
03/11/2014,29542,22468,52010,7513,2726,10239,10741,15325,22468,37793,1874,3978
03/12/2014,29646,22501,52147,7585,2747,10332,10761,15342,22501,37843,1872,3972
03/13/2014,29642,22505,52147,7594,2724,10318,10767,15354,22505,37859,1872,3970
03/14/2014,29550,22521,52071,7491,2697,10188,10781,15376,22521,37897,1881,3986
03/15/2014,29507,22504,52011,7493,2688,10181,10773,15366,22504,37870,1868,3960
03/16/2014,29707,22546,52253,7629,2708,10337,10794,15396,22546,37942,1874,3974
03/17/2014,29763,22530,52293,7652,2737,10389,10786,15389,22530,37919,1879,3985
03/18/2014,29716,22516,52232,7629,2731,10360,10788,15393,22516,37909,1870,3963
03/19/2014,29790,22509,52299,7672,2747,10419,10778,15391,22509,37900,1879,3980
03/20/2014,29743,22527,52270,7620,2767,10387,10784,15403,22527,37930,1866,3953
03/21/2014,29613,22539,52152,7515,2718,10233,10796,15417,22539,37956,1873,3963
03/22/2014,29603,22559,52162,7491,2711,10202,10800,15425,22559,37984,1880,3976
03/23/2014,29788,22601,52389,7624,2724,10348,10825,15455,22601,38056,1884,3985
03/24/2014,29842,22565,52407,7669,2761,10430,10804,15433,22565,37998,1881,3979
03/25/2014,29839,22528,52367,7674,2779,10453,10793,15418,22528,37946,1876,3968
03/26/2014,29859,22563,52422,7658,2783,10441,10815,15448,22563,38011,1878,3970
03/27/2014,29854,22571,52425,7637,2787,10424,10822,15466,22571,38037,1876,3964
03/28/2014,29712,22574,52286,7521,2739,10260,10831,15487,22574,38061,1877,3965
03/29/2014,29741,22587,52328,7554,2730,10284,10838,15498,22587,38085,1873,3959
03/30/2014,29872,22623,52495,7644,2737,10381,10863,15532,22623,38155,1873,3959
03/31/2014,29833,22587,52420,7640,2734,10374,10839,15496,22587,38083,1875,3963
04/01/2014,29683,22486,52169,7558,2710,10268,10804,15444,22486,37930,1880,3971
04/02/2014,30085,23260,53345,7575,2710,10285,11031,15826,23260,39086,1880,3974
04/03/2014,30015,23259,53274,7505,2704,10209,11035,15830,23259,39089,1882,3976
04/04/2014,30003,23285,53288,7460,2697,10157,11048,15862,23285,39147,1886,3984
04/05/2014,29992,23284,53276,7467,2679,10146,11057,15873,23284,39157,1880,3973
04/06/2014,30176,23335,53511,7570,2716,10286,11080,15904,23335,39239,1886,3986
04/07/2014,30224,23316,53540,7592,2742,10334,11065,15886,23316,39202,1895,4004
04/08/2014,29808,22501,52309,7566,2742,10308,10842,15504,22501,38005,1890,3996
04/09/2014,29840,22479,52319,7610,2730,10340,10835,15499,22479,37978,1894,4001
04/10/2014,29816,22486,52302,7560,2749,10309,10848,15505,22486,37991,1894,4002
04/11/2014,29756,22515,52271,7512,2729,10241,10865,15517,22515,38032,1893,3998
04/12/2014,29716,22538,52254,7476,2726,10202,10866,15525,22538,38063,1889,3989
04/13/2014,29845,22617,52462,7568,2707,10275,10897,15573,22617,38190,1893,3997
04/14/2014,29873,22565,52438,7589,2735,10324,10869,15546,22565,38111,1896,4003
04/15/2014,29942,22545,52487,7693,2741,10434,10853,15523,22545,38068,1888,3985
04/16/2014,29990,22595,52585,7681,2762,10443,10885,15550,22595,38145,1892,3997
04/17/2014,29987,22579,52566,7678,2768,10446,10887,15555,22579,38134,1889,3986
04/18/2014,29884,22546,52430,7628,2758,10386,10866,15522,22546,38068,1886,3976
04/19/2014,29837,22591,52428,7572,2739,10311,10890,15547,22591,38138,1887,3979
04/20/2014,29970,22621,52591,7647,2761,10408,10911,15579,22621,38200,1889,3983
04/21/2014,30020,22593,52613,7733,2752,10485,10893,15556,22593,38149,1887,3979
04/22/2014,29970,22546,52516,7726,2766,10492,10866,15529,22546,38075,1875,3949
04/23/2014,30005,22610,52615,7729,2785,10514,10893,15555,22610,38165,1873,3936
04/24/2014,29966,22636,52602,7732,2775,10507,10893,15555,22636,38191,1857,3904
04/25/2014,29881,22629,52510,7627,2760,10387,10902,15572,22629,38201,1862,3922
04/26/2014,29944,22639,52583,7641,2778,10419,10912,15595,22639,38234,1866,3930
04/27/2014,30059,22681,52740,7715,2773,10488,10941,15631,22681,38312,1872,3940
04/28/2014,30127,22677,52804,7741,2792,10533,10949,15644,22677,38321,1876,3950
04/29/2014,30169,22638,52807,7811,2799,10610,10922,15616,22638,38254,1873,3943
04/30/2014,30146,22661,52807,7776,2803,10579,10940,15633,22661,38294,1870,3934
05/01/2014,29997,22688,52685,7630,2748,10378,10967,15665,22688,38353,1878,3954
05/02/2014,29850,22686,52536,7476,2735,10211,10970,15676,22686,38362,1883,3963
05/03/2014,29833,22684,52517,7484,2724,10208,10972,15672,22684,38356,1877,3953
05/04/2014,30026,22722,52748,7613,2735,10348,10990,15693,22722,38415,1891,3985
05/05/2014,30097,22742,52839,7627,2755,10382,11001,15722,22742,38464,1895,3993
05/06/2014,30077,22716,52793,7629,2761,10390,10982,15703,22716,38419,1890,3984
05/07/2014,30110,22725,52835,7637,2768,10405,10989,15711,22725,38436,1896,3994
05/08/2014,30163,22756,52919,7649,2763,10412,11009,15746,22756,38502,1902,4005
05/09/2014,30114,22753,52867,7597,2750,10347,11020,15758,22753,38511,1903,4009
05/10/2014,30092,22795,52887,7553,2737,10290,11044,15794,22795,38589,1903,4008
05/11/2014,30187,22843,53030,7597,2732,10329,11072,15832,22843,38675,1912,4026
05/12/2014,30276,22842,53118,7648,2776,10424,11061,15821,22842,38663,1914,4031
05/13/2014,30289,22817,53106,7677,2790,10467,11045,15793,22817,38610,1914,4029
05/14/2014,30334,22861,53195,7676,2806,10482,11067,15825,22861,38686,1914,4027
05/15/2014,30335,22907,53242,7663,2784,10447,11088,15864,22907,38771,1912,4024
05/16/2014,30206,22915,53121,7530,2790,10320,11096,15862,22915,38777,1912,4024
05/17/2014,30241,22957,53198,7545,2774,10319,11113,15887,22957,38844,1918,4035
05/18/2014,30405,22997,53402,7643,2794,10437,11134,15923,22997,38920,1923,4045
05/19/2014,30394,22999,53393,7621,2808,10429,11131,15929,22999,38928,1919,4036
05/20/2014,30362,22977,53339,7612,2801,10413,11123,15917,22977,38894,1917,4032
05/21/2014,30396,23023,53419,7603,2805,10408,11157,15961,23023,38984,1915,4027
05/22/2014,30381,22996,53377,7619,2810,10429,11146,15938,22996,38934,1909,4014
05/23/2014,30318,23012,53330,7552,2805,10357,11147,15945,23012,38957,1912,4016
05/24/2014,30256,22987,53243,7537,2800,10337,11137,15923,22987,38910,1902,3996
05/25/2014,30225,23022,53247,7514,2781,10295,11160,15947,23022,38969,1896,3983
05/26/2014,30251,23014,53265,7543,2790,10333,11154,15945,23014,38959,1892,3973
05/27/2014,30338,23003,53341,7602,2805,10407,11138,15934,23003,38937,1905,3997
05/28/2014,30322,23005,53327,7591,2813,10404,11135,15925,23005,38930,1902,3993
05/29/2014,30328,22982,53310,7629,2805,10434,11129,15913,22982,38895,1896,3981
05/30/2014,30219,22993,53212,7505,2777,10282,11146,15942,22993,38935,1901,3995
05/31/2014,30221,22976,53197,7542,2768,10310,11139,15925,22976,38901,1897,3986
06/01/2014,30360,23023,53383,7602,2790,10392,11169,15963,23023,38986,1906,4005
06/02/2014,30341,23033,53374,7589,2778,10367,11162,15951,23033,38984,1914,4023
06/03/2014,30320,23004,53324,7595,2768,10363,11143,15932,23004,38936,1915,4025
06/04/2014,30308,23012,53320,7570,2778,10348,11144,15934,23012,38946,1913,4026
06/05/2014,30340,23012,53352,7577,2786,10363,11152,15950,23012,38962,1914,4027
06/06/2014,30286,23058,53344,7494,2782,10276,11177,15972,23058,39030,1921,4038
06/07/2014,30250,23086,53336,7446,2787,10233,11175,15975,23086,39061,1923,4042
06/08/2014,30382,23123,53505,7530,2803,10333,11197,16005,23123,39128,1924,4044
06/09/2014,30419,23094,53513,7602,2803,10405,11170,15970,23094,39064,1924,4044
06/10/2014,30406,23075,53481,7606,2816,10422,11164,15965,23075,39040,1913,4019
06/11/2014,30441,23103,53544,7596,2826,10422,11180,15989,23103,39092,1918,4030
06/12/2014,30462,23133,53595,7563,2831,10394,11200,16023,23133,39156,1926,4045
06/13/2014,30407,23179,53586,7508,2809,10317,11223,16048,23179,39227,1925,4042
06/14/2014,30372,23175,53547,7500,2797,10297,11221,16041,23175,39216,1920,4034
06/15/2014,30427,23203,53630,7528,2795,10323,11245,16074,23203,39277,1918,4030
06/16/2014,30529,23225,53754,7601,2816,10417,11250,16077,23225,39302,1920,4035
06/17/2014,30471,23179,53650,7583,2810,10393,11228,16048,23179,39227,1916,4030
06/18/2014,30540,23227,53767,7591,2820,10411,11244,16073,23227,39300,1928,4056
06/19/2014,30583,23252,53835,7592,2833,10425,11260,16105,23252,39357,1926,4053
06/20/2014,30476,23243,53719,7520,2808,10328,11257,16093,23243,39336,1926,4055
06/21/2014,30487,23246,53733,7538,2794,10332,11260,16098,23246,39344,1927,4057
06/22/2014,30605,23289,53894,7605,2813,10418,11288,16139,23289,39428,1923,4048
06/27/2014,30509,23227,53736,7516,2820,10336,11247,16110,23227,39337,1930,4063
06/28/2014,30518,23286,53804,7504,2809,10313,11288,16160,23286,39446,1922,4045
06/29/2014,30643,23343,53986,7567,2827,10394,11312,16194,23343,39537,1927,4055
06/30/2014,30605,23323,53928,7559,2829,10388,11292,16169,23323,39492,1924,4048
07/01/2014,30481,23261,53742,7514,2824,10338,11256,16113,23261,39374,1916,4030
07/03/2014,30434,23224,53658,7485,2796,10281,11253,16112,23224,39336,1920,4041
07/04/2014,30385,23223,53608,7454,2786,10240,11248,16106,23223,39329,1919,4039
07/05/2014,30440,23277,53717,7463,2774,10237,11277,16141,23277,39418,1930,4062
07/06/2014,30581,23311,53892,7561,2805,10366,11290,16164,23311,39475,1925,4051
07/07/2014,30621,23306,53927,7601,2806,10407,11280,16164,23306,39470,1924,4050
07/08/2014,30663,23305,53968,7622,2829,10451,11277,16162,23305,39467,1924,4050
07/09/2014,30722,23369,54091,7606,2836,10442,11318,16210,23369,39579,1933,4070
07/10/2014,30701,23401,54102,7575,2841,10416,11338,16234,23401,39635,1925,4051
07/11/2014,30710,23435,54145,7551,2828,10379,11350,16258,23435,39693,1934,4073
07/12/2014,30682,23443,54125,7505,2826,10331,11353,16259,23443,39702,1943,4092
07/13/2014,30886,23509,54395,7622,2856,10478,11387,16308,23509,39817,1947,4100
07/14/2014,30930,23487,54417,7657,2880,10537,11365,16288,23487,39775,1949,4105
07/15/2014,30953,23486,54439,7681,2894,10575,11358,16281,23486,39767,1944,4097
07/16/2014,30945,23459,54404,7683,2882,10565,11356,16273,23459,39732,1949,4107
07/17/2014,30953,23474,54427,7644,2893,10537,11376,16299,23474,39773,1954,4117
07/18/2014,30887,23487,54374,7587,2870,10457,11383,16310,23487,39797,1956,4120
07/19/2014,30930,23491,54421,7603,2872,10475,11386,16317,23491,39808,1965,4138
07/20/2014,31066,23536,54602,7682,2887,10569,11414,16352,23536,39888,1968,4145
07/21/2014,31082,23499,54581,7675,2924,10599,11401,16341,23499,39840,1967,4142
07/22/2014,31029,23392,54421,7682,2906,10588,11355,16285,23392,39677,1976,4156
07/23/2014,31122,23483,54605,7705,2919,10624,11395,16339,23483,39822,1976,4159
07/24/2014,31150,23556,54706,7700,2914,10614,11430,16376,23556,39932,1978,4160
07/25/2014,31059,23543,54602,7615,2902,10517,11431,16371,23543,39914,1984,4171
07/26/2014,30996,23558,54554,7563,2896,10459,11431,16370,23555,39925,1982,4170
07/27/2014,31160,23623,54783,7655,2903,10558,11465,16430,23623,40053,1984,4172
07/29/2014,31156,23607,54763,7664,2936,10600,11444,16420,23604,40024,1967,4139
07/30/2014,31158,23601,54759,7655,2933,10588,11436,16417,23601,40018,1974,4153
07/31/2014,31093,23649,54742,7592,2927,10519,11443,16425,23646,40071,1971,4152
08/01/2014,30850,23617,54467,7436,2883,10319,11423,16385,23617,40002,1969,4146
08/02/2014,30878,23593,54471,7462,2896,10358,11412,16366,23593,39959,1974,4154
08/03/2014,31055,23657,54712,7559,2923,10482,11438,16395,23657,40052,1985,4178
08/04/2014,31112,23653,54765,7569,2925,10494,11447,16408,23653,40061,2002,4210
08/05/2014,31090,23555,54645,7599,2932,10531,11406,16355,23555,39910,1999,4204
08/06/2014,31126,23585,54711,7599,2940,10539,11414,16373,23585,39958,2004,4214
08/07/2014,31129,23608,54737,7607,2937,10544,11417,16384,23608,39992,1997,4201
08/08/2014,31084,23642,54726,7539,2929,10468,11441,16412,23642,40054,1999,4204
08/09/2014,30994,23654,54648,7482,2936,10418,11439,16405,23654,40059,1984,4171
08/10/2014,31191,23754,54945,7591,2949,10540,11494,16480,23754,40234,1984,4171
08/11/2014,31209,23646,54855,7628,2970,10598,11434,16417,23646,40063,1995,4194
08/12/2014,31216,23635,54851,7662,2958,10620,11423,16402,23635,40037,1995,4194
08/13/2014,31212,23589,54801,7659,2972,10631,11416,16379,23589,39968,2000,4202
08/14/2014,31213,23580,54793,7648,2964,10612,11411,16380,23580,39960,2010,4221
08/15/2014,31131,23599,54730,7578,2944,10522,11415,16378,23599,39977,2014,4231
08/16/2014,31039,23578,54617,7523,2940,10463,11415,16373,23578,39951,2000,4203
08/17/2014,31192,23638,54830,7600,2954,10554,11445,16419,23638,40057,2008,4219
08/18/2014,31249,23625,54874,7657,2969,10626,11440,16420,23625,40045,2000,4203
08/19/2014,31264,23625,54889,7672,2967,10639,11431,16413,23625,40038,2004,4212
08/20/2014,31285,23635,54920,7667,2974,10641,11438,16412,23635,40047,2015,4232
08/21/2014,31291,23673,54964,7642,2969,10611,11452,16445,23673,40118,2016,4235
08/22/2014,31248,23696,54944,7598,2962,10560,11461,16448,23696,40144,2017,4240
08/23/2014,31245,23685,54930,7587,2974,10561,11453,16440,23685,40125,2020,4244
08/24/2014,31362,23735,55097,7648,2988,10636,11483,16473,23735,40208,2025,4253
08/25/2014,31366,23710,55076,7674,2993,10667,11459,16449,23710,40159,2023,4250
08/26/2014,31312,23667,54979,7691,3004,10695,11422,16390,23667,40057,2011,4227
08/27/2014,31321,23704,55025,7685,2984,10669,11440,16418,23704,40122,2014,4234
08/28/2014,31302,23734,55036,7643,2993,10636,11452,16435,23734,40169,2013,4231
08/29/2014,31142,23731,54873,7533,2957,10490,11450,16418,23731,40149,2015,4234
08/30/2014,31170,23759,54929,7557,2945,10502,11467,16438,23759,40197,2014,4230
08/31/2014,31254,23775,55029,7601,2944,10545,11477,16457,23775,40232,2025,4252
09/01/2014,31359,23815,55174,7636,2969,10605,11496,16491,23815,40306,2030,4263
09/02/2014,31394,23827,55221,7652,2985,10637,11485,16473,23827,40300,2038,4284
09/03/2014,31289,23761,55050,7635,2972,10607,11439,16408,23761,40169,2031,4274
09/04/2014,31360,23862,55222,7657,2989,10646,11475,16458,23862,40320,2023,4256
09/05/2014,31311,23911,55222,7596,2972,10568,11493,16484,23911,40395,2023,4259
09/06/2014,31395,23947,55342,7646,2968,10614,11517,16525,23947,40472,2023,4256
09/07/2014,31513,23985,55498,7701,2985,10686,11547,16564,23985,40549,2027,4263
09/08/2014,31619,23997,55616,7739,3003,10742,11539,16568,23997,40565,2050,4309
09/09/2014,31620,23932,55552,7753,3014,10767,11521,16536,23932,40468,2054,4317
09/10/2014,31670,24058,55728,7708,3023,10731,11571,16613,24058,40671,2058,4326
09/11/2014,31661,24066,55727,7709,3023,10732,11575,16615,24066,40681,2052,4314
09/12/2014,31644,24124,55768,7675,3007,10682,11599,16650,24124,40774,2052,4312
09/13/2014,31666,24118,55784,7678,3002,10680,11613,16658,24118,40776,2059,4328
09/14/2014,31873,24209,56082,7779,3018,10797,11655,16721,24209,40930,2072,4355
09/15/2014,31832,24182,56014,7769,3021,10790,11626,16685,24182,40867,2073,4357
09/16/2014,31872,24162,56034,7790,3032,10822,11627,16690,24162,40852,2075,4360
09/17/2014,31899,24118,56017,7815,3025,10840,11615,16679,24118,40797,2084,4380
09/18/2014,31925,24187,56112,7764,3034,10798,11654,16733,24187,40920,2091,4394
09/19/2014,31929,24216,56145,7768,3035,10803,11667,16739,24216,40955,2088,4387
09/20/2014,31913,24195,56108,7763,3022,10785,11660,16735,24195,40930,2089,4393
09/21/2014,32031,24257,56288,7816,3033,10849,11688,16770,24257,41027,2099,4412
09/22/2014,32066,24282,56348,7818,3045,10863,11698,16788,24282,41070,2100,4415
09/23/2014,32005,24214,56219,7807,3048,10855,11669,16746,24214,40960,2095,4404
09/24/2014,32048,24237,56285,7841,3061,10902,11675,16752,24237,40989,2091,4394
09/25/2014,31970,24250,56220,7801,3036,10837,11686,16762,24250,41012,2080,4371
09/26/2014,31869,24274,56143,7696,3018,10714,11700,16772,24274,41046,2087,4383
09/27/2014,31923,24267,56190,7739,3016,10755,11710,16784,24267,41051,2088,4384
09/28/2014,32063,24310,56373,7800,3047,10847,11738,16822,24310,41132,2092,4394
,,,,,,,,,,,,
,,,,,,,,,,,,
,,,,,,,,,,,,
,,,,,,,,,,,,
10/03/2014,31948,24326,56274,7724,3018,10742,11742,16837,24326,41163,2079,4369
10/04/2014,31984,24345,56329,7740,3023,10763,11747,16848,24345,41193,2081,4373
10/05/2014,32216,24460,56676,7855,3047,10902,11807,16930,24460,41390,2087,4384
,,,,,,,,,,,,
,,,,,,,,,,,,
,,,,,,,,,,,,
,,,,,,,,,,,,
10/10/2014,32186,24515,56701,7764,3053,10817,11823,16960,24515,41475,2099,4409
10/11/2014,32236,24513,56749,7824,3041,10865,11821,16957,24513,41470,2101,4414
10/12/2014,32351,24583,56934,7871,3064,10935,11856,16989,24583,41572,2107,4427
,,,,,,,,,,,,
,,,,,,,,,,,,
10/15/2014,32434,24626,57060,7921,3074,10995,11866,17007,24626,41633,2110,4432
10/16/2014,32389,24603,56992,7877,3081,10958,11861,16989,24603,41592,2113,4442
10/17/2014,32344,24649,56993,7825,3051,10876,11884,17021,24649,41670,2116,4447
10/18/2014,32402,24713,57115,7828,3058,10886,11923,17074,24713,41787,2114,4442
10/19/2014,32567,24761,57328,7928,3081,11009,11943,17103,24761,41864,2120,4455
10/20/2014,32580,24763,57343,7941,3084,11025,11938,17100,24763,41863,2120,4455
10/21/2014,32568,24755,57323,7953,3091,11044,11925,17087,24755,41842,2111,4437
10/22/2014,32630,24760,57390,8014,3100,11114,11933,17086,24760,41846,2109,4430
10/23/2014,32649,24783,57432,7993,3121,11114,11948,17115,24783,41898,2101,4420
10/24/2014,32549,24815,57364,7892,3094,10986,11962,17125,24815,41940,2110,4438
10/25/2014,32516,24827,57343,7878,3090,10968,11969,17131,24827,41958,2098,4417
10/26/2014,32677,24871,57548,7974,3114,11088,12000,17163,24871,42034,2102,4426
10/27/2014,32651,24839,57490,7940,3123,11063,11986,17152,24839,41991,2106,4436
10/28/2014,32658,24822,57480,7948,3138,11086,11966,17140,24822,41962,2104,4432
10/29/2014,32672,24868,57540,7958,3124,11082,11992,17166,24868,42034,2100,4424
10/30/2014,32662,24924,57586,7917,3119,11036,12013,17192,24924,42116,2102,4434
10/31/2014,32584,24946,57530,7852,3080,10932,12031,17213,24946,42159,2105,4439
11/01/2014,32623,24928,57551,7886,3096,10982,12024,17203,24928,42131,2104,4438
11/02/2014,32713,24932,57645,7961,3110,11071,12024,17214,24932,42146,2099,4428
11/03/2014,32740,24925,57665,7976,3099,11075,12027,17221,24925,42146,2107,4444
11/04/2014,32793,24936,57729,7975,3101,11076,12055,17256,24936,42192,2115,4461
11/05/2014,32749,24897,57646,7963,3104,11067,12031,17235,24897,42132,2108,4447
11/06/2014,32741,24907,57648,7939,3106,11045,12051,17242,24907,42149,2111,4454
11/07/2014,32730,24946,57676,7932,3092,11024,12048,17233,24946,42179,2119,4473
11/08/2014,32813,25065,57878,7926,3080,11006,12105,17314,25065,42379,2129,4493
11/09/2014,32967,25087,58054,7986,3123,11109,12126,17343,25087,42430,2139,4515
11/10/2014,32958,25074,58032,7999,3121,11120,12108,17327,25074,42401,2138,4511
11/11/2014,32973,25087,58060,8005,3122,11127,12112,17341,25087,42428,2135,4505
11/12/2014,33030,25113,58143,8000,3138,11138,12135,17374,25113,42487,2140,4518
11/13/2014,33058,25116,58174,8050,3136,11186,12135,17378,25116,42494,2129,4494
11/14/2014,33003,25136,58139,7994,3121,11115,12145,17395,25136,42531,2129,4493
11/15/2014,33069,25189,58258,8017,3130,11147,12172,17433,25189,42622,2127,4489
11/16/2014,33137,25189,58326,8061,3140,11201,12179,17443,25189,42632,2130,4493
11/17/2014,33189,25162,58351,8072,3171,11243,12171,17436,25162,42598,2138,4510
11/18/2014,33201,25153,58354,8100,3177,11277,12166,17422,25153,42575,2134,4502
11/19/2014,33296,25181,58477,8123,3182,11305,12190,17452,25181,42633,2153,4539
11/20/2014,33313,25249,58562,8110,3184,11294,12228,17501,25249,42750,2144,4518
11/21/2014,33273,25259,58532,8061,3195,11256,12241,17524,25259,42783,2133,4493
11/22/2014,33262,25229,58491,8042,3191,11233,12252,17532,25229,42761,2134,4497
11/23/2014,33241,25228,58469,8067,3187,11254,12247,17523,25228,42751,2117,4464
11/24/2014,33264,25240,58504,8072,3180,11252,12248,17535,25240,42775,2124,4477
11/21/2014,33273,25259,58532,8061,3195,11256,12241,17524,25259,42783,2133,4493
11/22/2014,33262,25229,58491,8042,3191,11233,12252,17532,25229,42761,2134,4497
11/23/2014,33241,25228,58469,8067,3187,11254,12247,17523,25228,42751,2117,4464
11/25/2014,33275,25250,58525,8108,3157,11265,12250,17535,25250,42785,2123,4475
11/26/2014,33256,25237,58493,8096,3154,11250,12242,17518,25237,42755,2129,4488
11/27/2014,33191,25266,58457,8001,3139,11140,12254,17530,25266,42796,2144,4521
11/28/2014,33251,25284,58535,8055,3142,11197,12266,17548,25284,42832,2136,4506
11/29/2014,33263,25258,58521,8062,3156,11218,12247,17521,25258,42779,2145,4524
11/30/2014,33302,25253,58555,8095,3171,11266,12243,17522,25253,42775,2140,4514
12/01/2014,33274,25210,58484,8098,3164,11262,12216,17496,25210,42706,2142,4516
12/02/2014,33293,25213,58506,8108,3184,11292,12219,17497,25213,42710,2136,4504
12/03/2014,33364,25288,58652,8128,3174,11302,12252,17550,25288,42838,2141,4512
12/04/2014,33383,25358,58741,8121,3174,11295,12279,17587,25358,42945,2138,4501
12/05/2014,33348,25358,58706,8078,3162,11240,12290,17607,25358,42965,2137,4501
12/06/2014,33359,25341,58700,8086,3162,11248,12284,17594,25341,42935,2145,4517
12/07/2014,33457,25396,58853,8139,3169,11308,12313,17633,25396,43029,2144,4516
12/08/2014,33508,25390,58898,8156,3187,11343,12313,17639,25390,43029,2149,4526
12/09/2014,33534,25405,58939,8159,3190,11349,12332,17657,25405,43062,2149,4528
12/10/2014,33514,25431,58945,8142,3192,11334,12339,17658,25431,43089,2146,4522
12/11/2014,33518,25441,58959,8139,3186,11325,12339,17663,25441,43104,2152,4530
12/12/2014,33452,25463,58915,8083,3161,11244,12350,17690,25463,43153,2145,4518
12/13/2014,33407,25463,58870,8064,3165,11229,12351,17694,25463,43157,2129,4484
12/14/2014,33529,25490,59019,8143,3181,11324,12368,17718,25490,43208,2130,4487
12/15/2014,33590,25442,59032,8207,3185,11392,12345,17696,25442,43138,2137,4502
12/16/2014,33550,25409,58959,8200,3195,11395,12320,17674,25409,43083,2126,4481
12/17/2014,33599,25469,59068,8218,3172,11390,12349,17722,25469,43191,2129,4487
12/18/2014,33603,25447,59050,8212,3181,11393,12353,17733,25447,43180,2124,4477
12/19/2014,33512,25417,58929,8183,3152,11335,12341,17704,25417,43121,2123,4473
12/20/2014,33455,25365,58820,8155,3141,11296,12322,17676,25365,43041,2128,4483
12/21/2014,33561,25383,58944,8209,3157,11366,12333,17695,25383,43078,2136,4500
12/22/2014,33537,25376,58913,8204,3153,11357,12316,17680,25376,43056,2135,4500
12/23/2014,33436,25300,58736,8180,3138,11318,12283,17637,25300,42937,2125,4481
12/24/2014,33260,25239,58499,8090,3108,11198,12245,17590,25239,42829,2122,4472
12/25/2014,33314,25235,58549,8125,3123,11248,12243,17589,25235,42824,2124,4477
12/26/2014,33353,25233,58586,8147,3123,11270,12248,17597,25233,42830,2130,4486
12/27/2014,33311,25193,58504,8139,3117,11256,12229,17574,25193,42767,2127,4481
12/28/2014,33354,25162,58516,8190,3132,11322,12216,17559,25162,42721,2123,4473
12/29/2014,33403,25138,58541,8235,3164,11399,12191,17526,25138,42664,2124,4478
12/30/2014,33262,25048,58310,8184,3134,11318,12146,17472,25048,42520,2123,4472
12/31/2014,32937,25004,57941,7936,3064,11000,12137,17457,25004,42461,2128,4480
01/01/2015,33161,24981,58142,8143,3096,11239,12134,17443,24981,42424,2127,4479
01/02/2015,33162,25018,58180,8136,3100,11236,12148,17469,25018,42487,2116,4457
01/03/2015,33161,25011,58172,8148,3099,11247,12135,17454,25011,42465,2118,4460
01/04/2015,33303,25027,58330,8218,3142,11360,12149,17469,25027,42496,2124,4474
01/05/2015,33354,25015,58369,8237,3168,11405,12135,17459,25015,42474,2132,4490
01/06/2015,33374,24978,58352,8276,3175,11451,12120,17433,24978,42411,2132,4490
01/07/2015,33464,25010,58474,8304,3170,11474,12145,17473,25010,42483,2145,4517
01/08/2015,33517,25034,58551,8288,3185,11473,12173,17511,25034,42545,2153,4533
01/09/2015,33415,25013,58428,8202,3164,11366,12162,17493,25013,42506,2163,4556
01/10/2015,33484,25003,58487,8259,3165,11424,12158,17493,25003,42496,2169,4567
01/11/2015,33569,25014,58583,8312,3177,11489,12166,17510,25014,42524,2170,4570
01/12/2015,33609,25034,58643,8332,3181,11513,12175,17525,25034,42559,2171,4571
01/13/2015,33615,25013,58628,8360,3188,11548,12161,17492,25013,42505,2171,4575
01/14/2015,33636,25004,58640,8360,3188,11548,12167,17506,25004,42510,2174,4582
01/15/2015,33646,25021,58667,8356,3182,11538,12168,17511,25021,42532,2181,4597
01/16/2015,33621,25003,58624,8356,3180,11536,12163,17507,25003,42510,2172,4578
01/17/2015,33538,24982,58520,8332,3149,11481,12151,17491,24982,42473,2166,4566
01/18/2015,33630,25014,58644,8378,3152,11530,12179,17529,25014,42543,2167,4571
01/19/2015,33687,25004,58691,8408,3173,11581,12179,17533,25004,42537,2168,4573
01/20/2015,33716,24998,58714,8458,3171,11629,12163,17507,24998,42505,2171,4580
01/21/2015,33686,24959,58645,8449,3189,11638,12141,17473,24959,42432,2169,4575
01/22/2015,33711,24944,58655,8478,3188,11666,12143,17473,24944,42417,2168,4572
01/23/2015,33611,24934,58545,8425,3158,11583,12141,17466,24934,42400,2165,4562
01/24/2015,33595,24877,58472,8428,3168,11596,12122,17435,24877,42312,2166,4564
01/25/2015,33708,24919,58627,8478,3189,11667,12141,17465,24919,42384,2172,4576
01/26/2015,33712,24890,58602,8525,3190,11715,12120,17442,24890,42332,2162,4555
01/27/2015,33781,24951,58732,8538,3189,11727,12151,17486,24951,42437,2169,4568
01/28/2015,33774,24949,58723,8541,3186,11727,12138,17473,24949,42422,2173,4574
01/29/2015,33699,24915,58614,8518,3195,11713,12118,17437,24915,42352,2162,4549
01/29/2015,33699,24915,58614,8518,3195,11713,12118,17437,24915,42352,2162,4549
01/30/2015,33602,24904,58506,8440,3159,11599,12114,17439,24904,42343,2169,4564
01/31/2015,33569,24844,58413,8459,3154,11613,12084,17406,24844,42250,2163,4550
02/01/2015,33639,24840,58479,8476,3178,11654,12088,17417,24840,42257,2172,4568
02/02/2015,33752,24835,58587,8535,3186,11721,12088,17433,24835,42268,2187,4598
02/05/2015,33630,24720,58350,8526,3177,11703,12034,17364,24720,42084,2171,4563
02/06/2015,33621,24725,58346,8512,3166,11678,12036,17369,24725,42094,2176,4574
02/07/2015,33542,24720,58262,8455,3163,11618,12032,17366,24720,42086,2167,4558
02/08/2015,33690,24739,58429,8562,3174,11736,12045,17384,24739,42123,2173,4570
02/10/2015,33662,24667,58329,8581,3190,11771,12001,17332,24667,41999,2166,4559
02/11/2015,33668,24620,58288,8588,3187,11775,11991,17317,24620,41937,2174,4576
02/12/2015,33679,24588,58267,8618,3191,11809,11972,17305,24588,41893,2169,4565
02/13/2015,33657,24573,58230,8589,3184,11773,11973,17308,24573,41881,2174,4576
02/14/2015,33552,24537,58089,8522,3152,11674,11967,17298,24537,41835,2176,4580
02/15/2015,33662,24548,58210,8603,3168,11771,11970,17301,24548,41849,2181,4590
02/16/2015,33740,24552,58292,8638,3185,11823,11982,17311,24552,41863,2189,4606
02/16/2015,33740,24552,58292,8638,3185,11823,11982,17311,24552,41863,2189,4606
02/17/2015,33770,24574,58344,8648,3199,11847,11992,17325,24574,41899,2184,4598
02/18/2015,33760,24524,58284,8672,3214,11886,11958,17275,24524,41799,2184,4599
02/19/2015,33732,24537,58269,8651,3211,11862,11960,17278,24537,41815,2181,4592
02/20/2015,33692,24519,58211,8657,3194,11851,11959,17256,24519,41775,2178,4585
02/21/2015,33594,24510,58104,8605,3171,11776,11955,17258,24510,41768,2165,4560
02/22/2015,33652,24504,58156,8643,3192,11835,11953,17257,24504,41761,2166,4560
02/23/2015,33656,24486,58142,8678,3197,11875,11929,17216,24486,41702,2168,4565
02/24/2015,33638,24435,58073,8692,3204,11896,11902,17169,24435,41604,2172,4573
02/25/2015,33645,24438,58083,8695,3209,11904,11900,17178,24438,41616,2167,4563
02/26/2015,33561,24414,57975,8641,3209,11850,11897,17174,24414,41588,2153,4537
02/27/2015,33506,24421,57927,8590,3179,11769,11910,17186,24421,41607,2160,4551
02/28/2015,33497,24342,57839,8631,3162,11793,11892,17161,24342,41503,2156,4543
03/01/2015,33591,24370,57961,8665,3187,11852,11911,17184,24370,41554,2164,4555
03/02/2015,33602,24361,57963,8656,3194,11850,11900,17186,24361,41547,2168,4566
03/03/2015,33526,24293,57819,8657,3203,11860,11856,17121,24293,41414,2159,4545
03/04/2015,33579,24330,57909,8682,3200,11882,11882,17148,24330,41478,2160,4549
03/05/2015,33561,24311,57872,8664,3197,11861,11869,17148,24311,41459,2163,4552
03/06/2015,33549,24317,57866,8624,3191,11815,11881,17169,24317,41486,2169,4565
03/07/2015,33558,24353,57911,8612,3179,11791,11903,17195,24353,41548,2172,4572
03/08/2015,33600,24369,57969,8654,3185,11839,11906,17199,24369,41568,2167,4562
03/09/2015,33620,24407,58027,8624,3202,11826,11923,17226,24407,41633,2171,4568
03/10/2015,33510,24273,57783,8661,3207,11868,11856,17116,24273,41389,2150,4526
03/12/2015,33500,24275,57775,8612,3197,11809,11874,17146,24275,41421,2160,4545
03/16/2015,33562,24195,57757,8678,3206,11884,11865,17141,24195,41336,2156,4537
03/17/2015,33544,24174,57718,8666,3210,11876,11853,17123,24174,41297,2158,4545
03/18/2015,33568,24152,57720,8699,3209,11908,11850,17108,24152,41260,2162,4552
03/19/2015,33515,24140,57655,8650,3207,11857,11842,17092,24140,41232,2169,4566
03/20/2015,33508,24116,57624,8634,3207,11841,11835,17089,24116,41205,2174,4578
03/21/2015,33436,24092,57528,8590,3189,11779,11829,17084,24092,41176,2172,4573
03/22/2015,33563,24112,57675,8678,3206,11884,11845,17108,24112,41220,2170,4571
03/23/2015,33551,24071,57622,8687,3221,11908,11814,17067,24071,41138,2173,4576
03/24/2015,33520,24016,57536,8688,3227,11915,11801,17038,24016,41054,2170,4567
03/25/2015,33554,24003,57557,8704,3237,11941,11805,17039,24003,41042,2174,4574
03/26/2015,33437,23968,57405,8672,3179,11851,11782,17017,23968,40985,2172,4569
03/27/2015,33384,23919,57303,8621,3223,11844,11762,16982,23919,40901,2167,4558
03/28/2015,33320,23871,57191,8601,3213,11814,11745,16949,23871,40820,2168,4557
03/29/2015,33427,23903,57330,8661,3229,11890,11764,16969,23903,40872,2174,4568
03/30/2015,33428,23905,57333,8672,3221,11893,11762,16973,23905,40878,2171,4562
03/31/2015,33339,23827,57166,8642,3211,11853,11743,16937,23827,40764,2164,4549
04/01/2015,33265,23824,57089,8600,3169,11769,11749,16932,23824,40756,2172,4564
04/02/2015,33227,23820,57047,8542,3189,11731,11756,16935,23820,40755,2170,4561
04/03/2015,33183,23818,57001,8505,3194,11699,11752,16923,23818,40741,2170,4561
04/04/2015,33236,23798,57034,8567,3188,11755,11749,16909,23798,40707,2174,4572
04/05/2015,33338,23843,57181,8628,3193,11821,11777,16954,23843,40797,2170,4563
04/06/2015,33331,23816,57147,8642,3195,11837,11766,16947,23816,40763,2163,4547
04/07/2015,33302,23723,57025,8675,3202,11877,11724,16879,23723,40602,2163,4546
04/08/2015,33378,23747,57125,8709,3217,11926,11738,16896,23747,40643,2167,4556
04/09/2015,33389,23812,57201,8699,3210,11909,11776,16944,23812,40756,2158,4536
04/10/2015,33267,23747,57014,8643,3190,11833,11765,16914,23747,40661,2150,4520
04/11/2015,33221,23733,56954,8618,3195,11813,11758,16908,23733,40641,2141,4500
04/12/2015,33348,23800,57148,8678,3217,11895,11787,16953,23800,40753,2141,4500
04/13/2015,33349,23776,57125,8708,3229,11937,11766,16922,23776,40698,2137,4490
04/14/2015,33410,23824,57234,8698,3235,11933,11789,16960,23824,40784,2149,4517
04/15/2015,33412,23799,57211,8686,3237,11923,11781,16959,23799,40758,2155,4530
04/16/2015,33321,23777,57098,8661,3239,11900,11767,16929,23777,40706,2139,4492
04/17/2015,33200,23711,56911,8584,3220,11804,11745,16892,23711,40603,2146,4504
04/18/2015,33072,23655,56727,8537,3191,11728,11728,16861,23655,40516,2137,4483
04/19/2015,33225,23686,56911,8658,3203,11861,11745,16877,23686,40563,2139,4487
04/21/2015,33291,23681,56972,8681,3224,11905,11737,16883,23681,40564,2146,4503
04/22/2015,33283,23597,56880,8697,3239,11936,11716,16843,23597,40440,2146,4504
04/23/2015,33300,23621,56921,8679,3249,11928,11736,16864,23621,40485,2147,4508
04/24/2015,33222,23602,56824,8628,3222,11850,11728,16867,23602,40469,2146,4505
04/25/2015,33183,23613,56796,8581,3230,11811,11732,16875,23613,40488,2142,4497
04/26/2015,33257,23650,56907,8635,3235,11870,11749,16900,23650,40550,2137,4487
04/27/2015,33259,23617,56876,8645,3262,11907,11730,16876,23617,40493,2131,4476
04/28/2015,33239,23608,56847,8627,3257,11884,11729,16873,23608,40481,2134,4482
04/29/2015,33240,23614,56854,8643,3261,11904,11735,16873,23614,40487,2125,4463
04/30/2015,33201,23609,56810,8621,3234,11855,11733,16877,23609,40486,2127,4469
05/01/2015,32959,23596,56555,8429,3200,11629,11737,16863,23596,40459,2126,4467
05/02/2015,32866,23561,56427,8371,3197,11568,11712,16825,23561,40386,2128,4473
05/03/2015,33075,23595,56670,8546,3215,11761,11729,16843,23595,40438,2126,4471
05/04/2015,33095,23545,56640,8561,3221,11782,11702,16815,23545,40360,2139,4498
05/05/2015,33080,23522,56602,8567,3207,11774,11689,16800,23522,40322,2142,4506
05/06/2015,33190,23565,56755,8612,3231,11843,11705,16825,23565,40390,2151,4522
05/07/2015,33175,23593,56768,8579,3225,11804,11735,16869,23593,40462,2141,4502
05/08/2015,33106,23595,56701,8520,3201,11721,11743,16877,23595,40472,2145,4508
05/09/2015,33093,23538,56631,8540,3206,11746,11715,16837,23538,40375,2145,4510
05/10/2015,33124,23546,56670,8555,3209,11764,11714,16844,23546,40390,2148,4516
05/11/2015,33191,23532,56723,8606,3230,11836,11704,16833,23532,40365,2152,4522
05/12/2015,33114,23469,56583,8587,3242,11829,11680,16777,23469,40246,2147,4508
05/13/2015,33215,23499,56714,8638,3243,11881,11714,16824,23499,40323,2149,4510
05/14/2015,33210,23524,56734,8622,3238,11860,11731,16849,23524,40373,2143,4501
05/18/2015,33261,23468,56729,8643,3256,11899,11725,16849,23468,40317,2148,4513
05/19/2015,33188,23467,56655,8601,3249,11850,11713,16833,23467,40300,2145,4505
05/20/2015,33310,23499,56809,8658,3251,11909,11739,16872,23499,40371,2157,4529
05/21/2015,33323,23517,56840,8672,3254,11926,11755,16884,23517,40401,2149,4513
05/22/2015,33190,23461,56651,8584,3226,11810,11731,16842,23461,40303,2160,4538
05/23/2015,33198,23482,56680,8590,3218,11808,11743,16858,23482,40340,2157,4532
05/25/2015,33189,23433,56622,8630,3205,11835,11727,16826,23433,40259,2155,4528
05/26/2015,33203,23408,56611,8647,3228,11875,11712,16808,23408,40216,2152,4520
05/27/2015,33202,23337,56539,8681,3239,11920,11683,16763,23337,40100,2151,4519
05/28/2015,33196,23331,56527,8681,3250,11931,11689,16766,23331,40097,2141,4499
05/29/2015,33122,23365,56487,8598,3237,11835,11711,16783,23365,40148,2144,4504
05/30/2015,33038,23314,56352,8538,3222,11760,11697,16767,23314,40081,2149,4511
05/31/2015,33123,23317,56440,8618,3227,11845,11698,16761,23317,40078,2152,4517
06/01/2015,33213,23349,56562,8671,3252,11923,11703,16778,23349,40127,2149,4512
06/02/2015,33169,23279,56448,8681,3246,11927,11673,16735,23279,40014,2147,4507
06/03/2015,33202,23304,56506,8680,3250,11930,11694,16760,23304,40064,2149,4512
06/04/2015,33171,23325,56496,8625,3251,11876,11715,16779,23325,40104,2149,4516
06/05/2015,33124,23286,56410,8627,3241,11868,11702,16749,23286,40035,2144,4507
06/06/2015,33065,23290,56355,8566,3245,11811,11706,16748,23290,40038,2145,4506
06/07/2015,33094,23284,56378,8610,3255,11865,11710,16743,23284,40027,2136,4486
06/08/2015,33137,23298,56435,8648,3264,11912,11707,16739,23298,40037,2134,4486
06/09/2015,33096,23266,56362,8612,3274,11886,11693,16726,23266,39992,2133,4484
06/10/2015,33128,23233,56361,8665,3275,11940,11689,16694,23233,39927,2138,4494
06/11/2015,33077,23237,56314,8592,3270,11862,11702,16709,23237,39946,2144,4506
06/12/2015,33028,23234,56262,8568,3256,11824,11701,16699,23234,39933,2144,4505
06/13/2015,32981,23162,56143,8564,3267,11831,11668,16657,23162,39819,2138,4493
06/14/2015,33058,23172,56230,8620,3277,11897,11676,16668,23172,39840,2137,4493
06/15/2015,33135,23187,56322,8684,3286,11970,11669,16675,23187,39862,2137,4490
06/16/2015,33081,23138,56219,8688,3292,11980,11644,16637,23138,39775,2125,4464
06/17/2015,33069,23117,56186,8677,3297,11974,11653,16641,23117,39758,2119,4454
06/18/2015,33062,23100,56162,8674,3286,11960,11656,16641,23100,39741,2123,4461
06/19/2015,32980,23090,56070,8599,3281,11880,11653,16631,23090,39721,2128,4469
06/20/2015,33000,23077,56077,8627,3292,11919,11643,16614,23077,39691,2126,4467
06/21/2015,33026,23117,56143,8633,3292,11925,11662,16635,23117,39752,2126,4466
06/22/2015,33083,23084,56167,8674,3301,11975,11653,16624,23084,39708,2135,4484
06/23/2015,33095,23042,56137,8705,3314,12019,11628,16595,23042,39637,2134,4481
06/24/2015,33097,23061,56158,8705,3318,12023,11635,16608,23061,39669,2127,4466
06/25/2015,33048,23050,56098,8684,3309,11993,11619,16584,23050,39634,2130,4471
06/26/2015,32955,22994,55949,8623,3305,11928,11594,16559,22994,39553,2128,4468
06/27/2015,32980,22952,55932,8666,3302,11968,11587,16541,22952,39493,2129,4471
06/28/2015,33014,22963,55977,8671,3310,11981,11599,16551,22963,39514,2136,4482
06/29/2015,33007,22934,55941,8679,3315,11994,11579,16532,22934,39466,2135,4481
06/29/2015,33007,22934,55941,8679,3315,11994,11579,16532,22934,39466,2135,4481
06/30/2015,32982,22907,55889,8678,3312,11990,11574,16525,22907,39432,2127,4467
07/02/2015,32893,22916,55809,8593,3296,11889,11597,16542,22916,39458,2126,4462
07/03/2015,32827,22875,55702,8558,3280,11838,11586,16529,22875,39404,2127,4460
07/04/2015,32790,22914,55704,8495,3263,11758,11607,16566,22914,39480,2131,4466
07/05/2015,32901,22903,55804,8591,3301,11892,11602,16551,22903,39454,2127,4458
07/06/2015,32947,22887,55834,8625,3312,11937,11595,16542,22887,39429,2132,4468
07/07/2015,32955,22866,55821,8637,3323,11960,11581,16533,22866,39399,2129,4462
07/08/2015,33024,22872,55896,8657,3330,11987,11592,16553,22872,39425,2138,4484
07/09/2015,33042,22871,55913,8665,3332,11997,11603,16568,22871,39439,2135,4477
07/10/2015,32973,22864,55837,8603,3336,11939,11610,16572,22864,39436,2129,4462
07/11/2015,32914,22850,55764,8573,3329,11902,11606,16551,22850,39401,2129,4461
07/12/2015,32992,22899,55891,8619,3333,11952,11635,16585,22899,39484,2126,4455
07/13/2015,33081,22916,55997,8665,3330,11995,11639,16607,22916,39523,2137,4479
07/14/2015,33051,22928,55979,8661,3336,11997,11627,16584,22928,39512,2132,4470
07/15/2015,33122,22969,56091,8690,3343,12033,11656,16616,22969,39585,2134,4473
07/16/2015,33147,23080,56227,8682,3344,12026,11689,16655,23080,39735,2129,4466
07/17/2015,33068,23065,56133,8590,3369,11959,11677,16642,23065,39707,2129,4467
07/18/2015,32961,22977,55938,8568,3347,11915,11631,16582,22977,39559,2128,4464
07/19/2015,33039,23032,56071,8596,3353,11949,11654,16620,23032,39652,2131,4470
07/20/2015,33080,23005,56085,8663,3375,12038,11627,16580,23005,39585,2127,4462
07/21/2015,33086,22987,56073,8683,3378,12061,11627,16581,22987,39568,2118,4444
07/22/2015,33079,22990,56069,8676,3378,12054,11639,16596,22990,39586,2111,4429
07/23/2015,33037,22948,55985,8635,3378,12013,11634,16595,22948,39543,2112,4429
07/24/2015,32953,22962,55915,8570,3378,11948,11633,16599,22962,39561,2101,4406
07/25/2015,32942,22984,55926,8574,3372,11946,11648,16616,22984,39600,2089,4380
07/26/2015,33020,23032,56052,8623,3377,12000,11662,16641,23032,39673,2088,4379
07/27/2015,33064,23036,56100,8654,3380,12034,11665,16641,23036,39677,2094,4389
07/28/2015,33047,22996,56043,8653,3391,12044,11640,16617,22996,39613,2093,4386
07/29/2015,33135,23039,56174,8678,3397,12075,11660,16647,23039,39686,2104,4413
07/30/2015,33132,23038,56170,8659,3403,12062,11665,16653,23038,39691,2107,4417
07/31/2015,32984,22981,55965,8594,3360,11954,11633,16597,22981,39578,2114,4433
08/01/2015,32950,22999,55949,8546,3346,11892,11648,16621,22999,39620,2115,4437
08/02/2015,33078,23057,56135,8587,3377,11964,11680,16676,23057,39733,2115,4438
08/03/2015,33192,23092,56284,8643,3395,12038,11688,16697,23092,39789,2125,4457
08/03/2015,33192,23092,56284,8643,3395,12038,11688,16697,23092,39789,2125,4457
08/04/2015,33117,23016,56133,8627,3396,12023,11671,16655,23016,39671,2115,4439
08/05/2015,33197,23045,56242,8698,3397,12095,11705,16679,23045,39724,2106,4423
08/06/2015,33152,23021,56173,8669,3397,12066,11694,16654,23021,39675,2110,4432
08/07/2015,33071,23040,56111,8567,3384,11951,11718,16685,23040,39725,2111,4435
08/08/2015,33032,22997,56029,8557,3390,11947,11693,16643,22997,39640,2114,4442
08/09/2015,33183,23043,56226,8664,3407,12071,11713,16668,23043,39711,2114,4444
08/10/2015,33298,23123,56421,8705,3411,12116,11746,16711,23123,39834,2128,4471
08/11/2015,33295,23112,56407,8693,3432,12125,11732,16703,23112,39815,2126,4467
08/12/2015,33333,23152,56485,8695,3450,12145,11735,16712,23152,39864,2130,4476
08/13/2015,33368,23176,56544,8685,3460,12145,11741,16734,23176,39910,2137,4489
08/14/2015,33337,23260,56597,8628,3450,12078,11776,16775,23260,40035,2135,4484
08/15/2015,33245,23248,56493,8607,3416,12023,11772,16750,23248,39998,2129,4472
08/16/2015,33348,23245,56593,8667,3444,12111,11774,16758,23245,40003,2132,4479
08/17/2015,33345,23219,56564,8688,3446,12134,11754,16732,23219,39951,2132,4479
08/18/2015,33289,23155,56444,8715,3438,12153,11713,16670,23155,39825,2127,4466
08/19/2015,33366,23262,56628,8688,3462,12150,11772,16734,23262,39996,2136,4482
08/20/2015,33374,23299,56673,8664,3470,12134,11792,16771,23299,40070,2130,4469
08/21/2015,33312,23317,56629,8617,3457,12074,11794,16778,23317,40095,2127,4460
08/22/2015,33258,23314,56572,8567,3444,12011,11796,16788,23314,40102,2127,4459
08/23/2015,33374,23316,56690,8669,3449,12118,11809,16798,23316,40114,2127,4458
08/24/2015,33436,23305,56741,8691,3468,12159,11802,16811,23305,40116,2131,4466
08/25/2015,33410,23303,56713,8678,3467,12145,11799,16812,23303,40115,2126,4453
08/26/2015,33353,23294,56647,8644,3465,12109,11790,16784,23294,40078,2131,4460
08/27/2015,33417,23327,56744,8690,3469,12159,11807,16791,23327,40118,2133,4467
08/28/2015,33295,23247,56542,8624,3453,12077,11775,16751,23247,39998,2133,4467
08/29/2015,33317,23266,56583,8633,3455,12088,11788,16766,23266,40032,2131,4463
08/30/2015,33415,23300,56715,8695,3458,12153,11809,16793,23300,40093,2134,4469
08/31/2015,33446,23285,56731,8738,3472,12210,11785,16766,23285,40051,2134,4470
09/01/2015,33362,23273,56635,8694,3449,12143,11782,16755,23273,40028,2130,4464
09/02/2015,33392,23328,56720,8698,3434,12132,11827,16809,23328,40137,2123,4451
09/03/2015,33405,23358,56763,8681,3444,12125,11838,16822,23358,40180,2126,4458
09/04/2015,33362,23368,56730,8631,3436,12067,11856,16827,23368,40195,2131,4468
09/05/2015,33348,23358,56706,8592,3454,12046,11860,16829,23358,40187,2133,4473
09/06/2015,33367,23358,56725,8633,3432,12065,11876,16835,23358,40193,2129,4467
09/07/2015,33525,23438,56963,8715,3445,12160,11914,16892,23438,40330,2132,4473
09/08/2015,33545,23425,56970,8719,3460,12179,11907,16889,23425,40314,2135,4477
09/09/2015,33570,23379,56949,8738,3487,12225,11886,16858,23379,40237,2141,4487
09/10/2015,33635,23412,57047,8755,3494,12249,11912,16896,23412,40308,2140,4490
09/11/2015,33600,23502,57102,8692,3473,12165,11951,16959,23502,40461,2134,4476
09/12/2015,33524,23404,56928,8710,3473,12183,11914,16897,23404,40301,2119,4444
09/13/2015,33668,23472,57140,8759,3505,12264,11951,16954,23472,40426,2122,4450
09/14/2015,33714,23510,57224,8775,3498,12273,11958,16969,23510,40479,2132,4472
09/15/2015,33727,23479,57206,8786,3514,12300,11937,16946,23479,40425,2137,4481
09/16/2015,33733,23531,57264,8776,3520,12296,11953,16960,23531,40491,2135,4477
09/17/2015,33720,23489,57209,8775,3522,12297,11939,16946,23489,40435,2135,4477
09/18/2015,33684,23478,57162,8754,3491,12245,11935,16942,23478,40420,2145,4497
09/19/2015,33630,23429,57059,8729,3500,12229,11919,16911,23429,40340,2141,4490
09/20/2015,33666,23404,57070,8807,3504,12311,11893,16867,23404,40271,2140,4488
09/21/2015,33675,23384,57059,8812,3515,12327,11883,16857,23384,40241,2144,4491
09/21/2015,33675,23384,57059,8812,3515,12327,11883,16857,23384,40241,2144,4491
09/22/2015,33787,23422,57209,8857,3539,12396,11911,16893,23422,40315,2148,4498
09/23/2015,33803,23403,57206,8871,3527,12398,11912,16885,23403,40288,2158,4520
09/24/2015,33832,23391,57223,8856,3529,12385,11936,16926,23391,40317,2158,4521
09/25/2015,33755,23486,57241,8754,3508,12262,11967,16965,23486,40451,2162,4528
09/26/2015,33673,23448,57121,8735,3498,12233,11938,16934,23448,40382,2151,4506
09/27/2015,33802,23470,57272,8822,3509,12331,11963,16958,23470,40428,2154,4513
09/28/2015,33879,23485,57364,8848,3534,12382,11971,16973,23485,40458,2159,4524
09/29/2015,33830,23455,57285,8831,3529,12360,11964,16948,23455,40403,2158,4522
09/30/2015,33882,23484,57366,8850,3539,12389,11975,16966,23484,40450,2161,4527
10/01/2015,33809,23428,57237,8796,3520,12316,11966,16955,23428,40383,2167,4538
10/02/2015,33787,23431,57218,8789,3508,12297,11966,16951,23431,40382,2167,4539
10/03/2015,33742,23363,57105,8806,3525,12331,11925,16890,23363,40253,2158,4521
10/04/2015,33826,23376,57202,8849,3535,12384,11943,16912,23376,40288,2164,4530
10/05/2015,33870,23406,57276,8866,3539,12405,11950,16936,23406,40342,2164,4529
10/06/2015,33851,23388,57239,8892,3536,12428,11933,16905,23388,40293,2159,4518
10/07/2015,33858,23401,57259,8882,3538,12420,11950,16929,23401,40330,2154,4509
10/08/2015,33851,23331,57182,8883,3552,12435,11929,16900,23331,40231,2157,4516
10/09/2015,33841,23414,57255,8811,3524,12335,11982,16981,23414,40395,2161,4525
10/10/2015,33764,23360,57124,8779,3531,12310,11951,16935,23360,40295,2158,4519
10/11/2015,33828,23342,57170,8844,3540,12384,11940,16916,23342,40258,2162,4528
10/12/2015,33964,23400,57364,8891,3568,12459,11964,16949,23400,40349,2176,4556
10/13/2015,34016,23444,57460,8918,3562,12480,11998,16990,23444,40434,2171,4546
10/14/2015,33956,23397,57353,8878,3578,12456,11982,16964,23397,40361,2166,4536
10/15/2015,33969,23331,57300,8925,3573,12498,11969,16942,23331,40273,2163,4529
10/16/2015,33937,23377,57314,8884,3561,12445,11988,16951,23377,40328,2168,4541
10/17/2015,33952,23368,57320,8910,3559,12469,11988,16948,23368,40316,2165,4535
10/18/2015,34022,23364,57386,8962,3585,12547,11987,16951,23364,40315,2160,4524
10/19/2015,34122,23424,57546,8975,3584,12559,12018,17001,23424,40425,2178,4562
10/20/2015,34027,23396,57423,8944,3572,12516,11990,16956,23396,40352,2175,4555
10/21/2015,34034,23376,57410,8975,3553,12528,11979,16951,23376,40327,2175,4555
10/22/2015,34072,23376,57448,9009,3573,12582,11978,16952,23376,40328,2168,4538
10/23/2015,34020,23377,57397,8961,3566,12527,11984,16966,23377,40343,2163,4527
10/24/2015,34056,23372,57428,8957,3586,12543,11999,16979,23372,40351,2167,4534
10/25/2015,34063,23306,57369,9014,3587,12601,11968,16924,23306,40230,2169,4538
10/26/2015,34117,23343,57460,9052,3574,12626,11976,16945,23343,40288,2173,4546
10/27/2015,34070,23340,57410,9032,3579,12611,11963,16921,23340,40261,2171,4538
10/28/2015,34178,23397,57575,9090,3594,12684,11989,16962,23397,40359,2168,4532
10/29/2015,34174,23444,57618,9060,3586,12646,12008,16987,23444,40431,2170,4541
10/30/2015,34048,23408,57456,8981,3539,12520,12005,16980,23408,40388,2174,4548
10/31/2015,34002,23412,57414,8913,3538,12451,12021,16999,23412,40411,2176,4552
11/01/2015,34029,23378,57407,8981,3553,12534,11989,16963,23378,40341,2166,4532
11/03/2015,34072,23379,57451,8999,3564,12563,11985,16965,23379,40344,2171,4544
11/04/2015,34114,23370,57484,9033,3572,12605,11990,16949,23370,40319,2176,4560
11/05/2015,34117,23361,57478,9063,3560,12623,12007,16957,23361,40318,2165,4537
11/06/2015,34039,23380,57419,8981,3530,12511,12026,16987,23380,40367,2166,4541
11/07/2015,34060,23387,57447,8995,3555,12550,12030,17000,23387,40387,2153,4510
11/08/2015,34164,23379,57543,9083,3570,12653,12034,16997,23379,40376,2155,4514
11/09/2015,34299,23457,57756,9116,3576,12692,12081,17055,23457,40512,2174,4552
11/10/2015,34304,23418,57722,9142,3586,12728,12069,17032,23418,40450,2170,4544
11/11/2015,34330,23475,57805,9127,3603,12730,12090,17050,23475,40525,2174,4550
11/12/2015,34320,23454,57774,9118,3591,12709,12089,17045,23454,40499,2182,4566
11/13/2015,34310,23491,57801,9112,3574,12686,12103,17064,23491,40555,2179,4560
11/14/2015,34224,23452,57676,9056,3572,12628,12080,17038,23452,40490,2177,4558
11/15/2015,34271,23429,57700,9077,3597,12674,12069,17031,23429,40460,2181,4566
11/16/2015,34388,23468,57856,9131,3603,12734,12094,17059,23468,40527,2195,4595
11/17/2015,34403,23500,57903,9135,3607,12742,12099,17083,23500,40583,2187,4578
11/18/2015,34410,23520,57930,9155,3608,12763,12120,17090,23520,40610,2177,4557
11/19/2015,34424,23481,57905,9180,3619,12799,12112,17081,23481,40562,2170,4544
11/20/2015,34404,23522,57926,9137,3590,12727,12139,17112,23522,40634,2181,4565
11/21/2015,34268,23474,57742,9079,3574,12653,12105,17066,23474,40540,2172,4549
11/22/2015,34402,23493,57895,9149,3603,12752,12120,17096,23493,40589,2175,4554
11/23/2015,34514,23523,58037,9188,3613,12801,12144,17137,23523,40660,2185,4576
11/24/2015,34473,23481,57954,9185,3606,12791,12131,17119,23481,40600,2178,4563
11/25/2015,34432,23530,57962,9145,3573,12718,12167,17159,23530,40689,2174,4555
11/26/2015,34380,23576,57956,9082,3544,12626,12191,17184,23576,40760,2181,4570
11/27/2015,34416,23577,57993,9119,3538,12657,12194,17188,23577,40765,2181,4571
11/28/2015,34402,23505,57907,9147,3554,12701,12148,17125,23505,40630,2184,4576
11/29/2015,34430,23425,57855,9196,3576,12772,12118,17089,23425,40514,2181,4569
11/30/2015,34531,23436,57967,9254,3589,12843,12113,17093,23436,40529,2192,4595
12/01/2015,34366,23367,57733,9180,3573,12753,12070,17026,23367,40393,2187,4587
12/02/2015,34347,23406,57753,9164,3572,12736,12098,17043,23406,40449,2177,4568
12/03/2015,34354,23415,57769,9145,3579,12724,12122,17059,23415,40474,2179,4571
12/04/2015,34235,23402,57637,9025,3556,12581,12121,17060,23402,40462,2189,4594
12/05/2015,34320,23396,57716,9126,3582,12708,12112,17038,23396,40434,2180,4574
12/06/2015,34417,23419,57836,9189,3591,12780,12125,17054,23419,40473,2185,4583
12/07/2015,34517,23450,57967,9270,3588,12858,12151,17082,23450,40532,2182,4577
12/08/2015,34552,23426,57978,9280,3604,12884,12149,17085,23426,40511,2185,4583
12/09/2015,34554,23430,57984,9259,3600,12859,12153,17092,23430,40522,2195,4603
12/10/2015,34616,23454,58070,9272,3619,12891,12169,17120,23454,40574,2195,4605
12/11/2015,34457,23395,57852,9177,3592,12769,12151,17090,23395,40485,2192,4598
12/12/2015,34417,23413,57830,9146,3594,12740,12148,17085,23413,40498,2188,4592
12/13/2015,34551,23420,57971,9216,3621,12837,12166,17106,23420,40526,2195,4608
12/14/2015,34566,23432,57998,9241,3603,12844,12166,17108,23432,40540,2198,4614
12/15/2015,34562,23403,57965,9251,3617,12868,12148,17082,23403,40485,2198,4612
12/16/2015,34611,23415,58026,9259,3622,12881,12166,17106,23415,40521,2203,4624
12/17/2015,34575,23461,58036,9218,3631,12849,12185,17124,23461,40585,2192,4602
12/18/2015,34474,23407,57881,9189,3601,12790,12151,17063,23407,40470,2199,4621
12/19/2015,34442,23412,57854,9184,3592,12776,12160,17074,23412,40486,2186,4592
12/20/2015,34549,23404,57953,9258,3613,12871,12152,17074,23404,40478,2191,4604
12/21/2015,34587,23422,58009,9285,3615,12900,12158,17082,23422,40504,2192,4605
12/22/2015,34545,23440,57985,9259,3610,12869,12162,17087,23440,40527,2184,4589
12/23/2015,34486,23416,57902,9236,3609,12845,12150,17071,23416,40487,2175,4570
12/24/2015,34279,23410,57689,9052,3561,12613,12157,17086,23410,40496,2180,4580
12/25/2015,34313,23398,57711,9078,3557,12635,12158,17087,23398,40485,2185,4591
12/26/2015,34320,23379,57699,9116,3557,12673,12145,17063,23379,40442,2182,4584
12/27/2015,34392,23338,57730,9209,3568,12777,12121,17029,23338,40367,2183,4586
12/28/2015,34570,23326,57896,9304,3601,12905,12127,17049,23326,40375,2197,4616
12/29/2015,34517,23321,57838,9294,3593,12887,12113,17031,23321,40352,2189,4599
12/30/2015,34514,23400,57914,9274,3550,12824,12154,17080,23400,40480,2195,4610
12/31/2015,33960,23378,57338,8845,3440,12285,12152,17061,23378,40439,2197,4614
01/01/2016,34267,23362,57629,9116,3476,12592,12146,17057,23362,40419,2199,4618
01/02/2016,34317,23361,57678,9150,3492,12642,12144,17053,23361,40414,2200,4622
01/03/2016,34463,23325,57788,9265,3539,12804,12128,17036,23325,40361,2200,4623
01/04/2016,34611,23318,57929,9380,3588,12968,12118,17020,23318,40338,2200,4623
01/05/2016,34650,23358,58008,9365,3610,12975,12138,17049,23358,40407,2200,4626
01/06/2016,34682,23404,58086,9351,3606,12957,12174,17090,23404,40494,2204,4635
01/07/2016,34708,23429,58137,9334,3625,12959,12186,17111,23429,40540,2205,4638
01/08/2016,34612,23401,58013,9269,3602,12871,12198,17115,23401,40516,2201,4626
01/09/2016,34558,23362,57920,9239,3618,12857,12185,17084,23362,40446,2196,4617
01/10/2016,34681,23396,58077,9301,3631,12932,12211,17116,23396,40512,2203,4633
01/11/2016,34732,23426,58158,9322,3638,12960,12217,17130,23426,40556,2208,4642
01/12/2016,34788,23454,58242,9339,3646,12985,12244,17161,23454,40615,2209,4642
01/13/2016,34830,23460,58290,9364,3659,13023,12247,17155,23460,40615,2214,4652
01/14/2016,34871,23484,58355,9358,3655,13013,12274,17190,23484,40674,2222,4668
01/15/2016,34737,23418,58155,9290,3625,12915,12244,17134,23418,40552,2233,4688
01/16/2016,34685,23379,58064,9272,3615,12887,12230,17126,23379,40505,2225,4672
01/17/2016,34804,23456,58260,9329,3623,12952,12257,17168,23456,40624,2231,4684
01/18/2016,34891,23479,58370,9345,3657,13002,12277,17197,23479,40676,2234,4692
01/19/2016,34945,23494,58439,9389,3639,13028,12296,17225,23494,40719,2234,4692
01/20/2016,34907,23398,58305,9391,3644,13035,12258,17164,23398,40562,2242,4708
01/21/2016,34751,23232,57983,9415,3647,13062,12208,17031,23232,40263,2231,4658
01/22/2016,34849,23434,58283,9368,3636,13004,12274,17175,23434,40609,2223,4670
01/23/2016,34719,23450,58169,9233,3606,12839,12279,17194,23450,40644,2230,4686
01/24/2016,34870,23525,58395,9301,3627,12928,12323,17253,23525,40778,2231,4689
01/25/2016,34919,23476,58395,9390,3628,13018,12291,17216,23476,40692,2229,4685
01/26/2016,34892,23409,58301,9420,3630,13050,12256,17165,23409,40574,2226,4677
01/27/2016,34840,23363,58203,9376,3634,13010,12235,17137,23363,40500,2233,4693
01/28/2016,34837,23372,58209,9386,3636,13022,12224,17118,23372,40490,2235,4697
01/29/2016,34793,23398,58191,9348,3629,12977,12240,17137,23398,40535,2227,4679
01/30/2016,34749,23384,58133,9348,3615,12963,12237,17123,23384,40507,2220,4663
01/31/2016,34793,23391,58184,9371,3622,12993,12243,17126,23391,40517,2225,4674
02/01/2016,34744,23384,58128,9319,3595,12914,12248,17147,23384,40531,2229,4683
02/02/2016,34749,23394,58143,9345,3587,12932,12244,17143,23394,40537,2224,4674
02/03/2016,34807,23424,58231,9354,3579,12933,12278,17191,23424,40615,2229,4683
02/04/2016,34785,23406,58191,9321,3581,12902,12283,17196,23406,40602,2230,4687
02/05/2016,34726,23355,58081,9307,3569,12876,12256,17160,23355,40515,2231,4690
02/06/2016,34708,23306,58014,9296,3562,12858,12240,17139,23306,40445,2242,4711
02/07/2016,34776,23342,58118,9322,3578,12900,12257,17165,23342,40507,2242,4711
02/08/2016,34887,23296,58183,9413,3619,13032,12245,17144,23296,40440,2242,4711
02/09/2016,34914,23294,58208,9426,3627,13053,12244,17147,23294,40441,2243,4714
02/10/2016,34931,23294,58225,9443,3619,13062,12250,17154,23294,40448,2245,4715
02/11/2016,34973,23303,58276,9508,3612,13120,12233,17130,23303,40433,2249,4723
02/12/2016,34848,23243,58091,9447,3603,13050,12206,17079,23243,40322,2247,4719
02/13/2016,34838,23266,58104,9432,3597,13029,12206,17082,23266,40348,2251,4727
02/14/2016,34920,23297,58217,9461,3609,13070,12229,17119,23297,40416,2253,4731
02/15/2016,35026,23310,58336,9500,3630,13130,12239,17145,23310,40455,2263,4751
02/16/2016,35033,23318,58351,9512,3627,13139,12238,17147,23318,40465,2261,4747
02/17/2016,35029,23289,58318,9540,3626,13166,12225,17135,23289,40424,2251,4728
02/18/2016,34992,23285,58277,9524,3635,13159,12226,17134,23285,40419,2238,4699
02/19/2016,34932,23295,58227,9478,3605,13083,12230,17138,23295,40433,2244,4711
02/20/2016,34817,23226,58043,9428,3604,13032,12195,17093,23226,40319,2235,4692
02/21/2016,34910,23233,58143,9503,3620,13123,12204,17105,23233,40338,2229,4682
02/22/2016,35030,23258,58288,9546,3633,13179,12234,17155,23258,40413,2236,4696
02/23/2016,35024,23221,58245,9577,3639,13216,12202,17108,23221,40329,2238,4700
02/24/2016,35010,23221,58231,9550,3642,13192,12220,17133,23221,40354,2231,4685
02/25/2016,35038,23209,58247,9544,3665,13209,12229,17138,23209,40347,2233,4691
02/26/2016,34966,23187,58153,9512,3653,13165,12216,17124,23187,40311,2226,4677
02/27/2016,34873,23143,58016,9440,3650,13090,12208,17102,23143,40245,2229,4681
02/28/2016,34926,23165,58091,9479,3651,13130,12228,17131,23165,40296,2221,4665
02/29/2016,34986,23130,58116,9520,3681,13201,12211,17107,23130,40237,2228,4678
03/01/2016,34925,23114,58039,9495,3653,13148,12206,17098,23114,40212,2228,4679
03/02/2016,34979,23122,58101,9513,3662,13175,12215,17113,23122,40235,2234,4691
03/03/2016,34978,23088,58066,9529,3662,13191,12205,17097,23088,40185,2233,4690
03/04/2016,34916,23079,57995,9496,3633,13129,12202,17088,23079,40167,2237,4699
03/05/2016,34842,22988,57830,9483,3634,13117,12163,17030,22988,40018,2235,4695
03/06/2016,34907,22985,57892,9512,3657,13169,12167,17041,22985,40026,2235,4697
03/07/2016,35000,23034,58034,9554,3638,13192,12195,17085,23034,40119,2247,4723
03/08/2016,34966,23008,57974,9532,3650,13182,12188,17071,23008,40079,2242,4713
03/09/2016,34951,22990,57941,9506,3653,13159,12189,17068,22990,40058,2247,4724
03/10/2016,34934,22981,57915,9460,3656,13116,12195,17087,22981,40068,2250,4731
03/11/2016,34832,22882,57714,9446,3638,13084,12141,17018,22882,39900,2250,4730
03/12/2016,34761,22831,57592,9433,3619,13052,12124,16987,22831,39818,2246,4722
03/13/2016,34864,22841,57705,9474,3642,13116,12136,17008,22841,39849,2255,4740
03/14/2016,34958,22863,57821,9520,3661,13181,12155,17044,22863,39907,2252,4733
03/15/2016,34957,22854,57811,9527,3672,13199,12144,17026,22854,39880,2252,4732
03/16/2016,34960,22890,57850,9512,3655,13167,12172,17058,22890,39948,2252,4735
03/17/2016,34946,22875,57821,9475,3652,13127,12184,17085,22875,39960,2251,4734
03/18/2016,34897,22848,57745,9455,3649,13104,12160,17053,22848,39901,2254,4740
03/19/2016,34868,22844,57712,9450,3638,13088,12161,17058,22844,39902,2245,4722
03/20/2016,35009,22863,57872,9534,3668,13202,12174,17071,22863,39934,2252,4736
03/21/2016,35063,22914,57977,9568,3669,13237,12187,17096,22914,40010,2249,4730
03/22/2016,34993,22812,57805,9599,3651,13250,12124,17014,22812,39826,2248,4729
03/23/2016,35025,22842,57867,9567,3665,13232,12153,17042,22842,39884,2259,4751
03/24/2016,34981,22865,57846,9524,3650,13174,12185,17079,22865,39944,2247,4728
03/25/2016,34878,22795,57673,9467,3637,13104,12163,17043,22795,39838,2249,4731
03/26/2016,34924,22783,57707,9504,3642,13146,12156,17050,22783,39833,2248,4728
03/27/2016,34954,22783,57737,9502,3661,13163,12162,17059,22783,39842,2251,4732
03/28/2016,35032,22798,57830,9574,3676,13250,12160,17059,22798,39857,2246,4723
03/29/2016,35042,22764,57806,9591,3679,13270,12144,17043,22764,39807,2250,4729
03/30/2016,35054,22769,57823,9576,3675,13251,12153,17051,22769,39820,2260,4752
03/31/2016,34954,22807,57761,9471,3671,13142,12171,17070,22807,39877,2255,4742
04/01/2016,34736,22757,57493,9327,3638,12965,12155,17028,22757,39785,2255,4743
04/02/2016,34757,22770,57527,9357,3628,12985,12151,17027,22770,39797,2258,4745
04/03/2016,34931,22836,57767,9450,3643,13093,12192,17089,22836,39925,2259,4749
04/04/2016,35054,22864,57918,9542,3668,13210,12189,17081,22864,39945,2265,4763
04/05/2016,35032,22818,57850,9531,3678,13209,12182,17057,22818,39875,2267,4766
04/06/2016,35046,22854,57900,9509,3667,13176,12209,17098,22854,39952,2270,4772
04/07/2016,35103,22874,57977,9519,3663,13182,12233,17132,22874,40006,2277,4789
04/08/2016,34994,22811,57805,9449,3662,13111,12209,17093,22811,39904,2278,4790
04/09/2016,34941,22765,57706,9445,3657,13102,12196,17055,22765,39820,2275,4784
04/10/2016,35039,22746,57785,9496,3671,13167,12192,17055,22746,39801,2290,4817
04/11/2016,35157,22837,57994,9502,3690,13192,12249,17146,22837,39983,2291,4819
04/12/2016,35176,22820,57996,9521,3692,13213,12261,17139,22820,39959,2293,4824
04/13/2016,35123,22829,57952,9473,3695,13168,12263,17141,22829,39970,2288,4814
04/14/2016,35123,22814,57937,9502,3692,13194,12248,17120,22814,39934,2286,4809
04/15/2016,35007,22796,57803,9416,3687,13103,12243,17107,22796,39903,2282,4797
04/16/2016,34946,22798,57744,9350,3688,13038,12251,17121,22798,39919,2277,4787
04/17/2016,35025,22791,57816,9423,3697,13120,12246,17113,22791,39904,2280,4792
04/18/2016,35116,22805,57921,9472,3708,13180,12261,17143,22805,39948,2280,4793
04/19/2016,35093,22774,57867,9465,3713,13178,12254,17136,22774,39910,2272,4779
04/20/2016,35082,22778,57860,9441,3709,13150,12264,17154,22778,39932,2271,4778
04/21/2016,35075,22770,57845,9431,3716,13147,12266,17154,22770,39924,2270,4774
04/22/2016,34992,22719,57711,9359,3705,13064,12253,17135,22719,39854,2280,4793
04/23/2016,34952,22701,57653,9364,3703,13067,12243,17112,22701,39813,2270,4773
04/24/2016,35044,22709,57753,9424,3719,13143,12246,17109,22709,39818,2279,4792
04/25/2016,35122,22718,57840,9449,3729,13178,12264,17137,22718,39855,2286,4807
04/28/2016,35284,22834,58118,9499,3746,13245,12334,17231,22834,40065,2286,4808
04/29/2016,35040,22775,57815,9357,3680,13037,12305,17193,22775,39968,2287,4810
04/30/2016,35023,22770,57793,9347,3680,13027,12299,17188,22770,39958,2285,4808
05/01/2016,35207,22808,58015,9447,3722,13169,12321,17218,22808,40026,2291,4820
05/02/2016,35221,22783,58004,9441,3728,13169,12324,17225,22783,40008,2294,4827
05/03/2016,35235,22824,58059,9424,3733,13157,12347,17258,22824,40082,2291,4820
05/04/2016,35260,22842,58102,9427,3744,13171,12369,17292,22842,40134,2282,4797
05/05/2016,35219,22838,58057,9392,3745,13137,12369,17280,22838,40118,2284,4802
05/06/2016,35172,22821,57993,9377,3724,13101,12359,17259,22821,40080,2289,4812
05/07/2016,35087,22783,57870,9345,3710,13055,12348,17239,22783,40022,2280,4793
05/08/2016,35173,22830,58003,9392,3719,13111,12379,17271,22830,40101,2279,4791
05/09/2016,35210,22793,58003,9437,3726,13163,12345,17233,22793,40026,2290,4814
05/10/2016,35129,22726,57855,9395,3724,13119,12327,17193,22726,39919,2293,4817
05/11/2016,35065,22746,57811,9322,3726,13048,12338,17195,22746,39941,2295,4822
05/12/2016,35099,22749,57848,9370,3716,13086,12337,17193,22749,39942,2294,4820
05/13/2016,35102,22778,57880,9369,3704,13073,12351,17204,22778,39982,2297,4825
05/14/2016,35026,22757,57783,9347,3696,13043,12336,17186,22757,39943,2283,4797
05/15/2016,35119,22775,57894,9427,3702,13129,12349,17200,22775,39975,2280,4790
05/16/2016,35227,22833,58060,9408,3743,13151,12388,17264,22833,40097,2291,4812
05/17/2016,35218,22832,58050,9423,3726,13149,12382,17246,22832,40078,2298,4823
05/18/2016,35294,22867,58161,9460,3743,13203,12398,17266,22867,40133,2299,4825
05/19/2016,35247,22791,58038,9455,3742,13197,12368,17216,22791,40007,2303,4834
05/20/2016,35129,22786,57915,9374,3691,13065,12359,17216,22786,40002,2310,4848
05/21/2016,35076,22733,57809,9383,3699,13082,12322,17167,22733,39900,2300,4827
05/22/2016,35157,22751,57908,9418,3708,13126,12341,17189,22751,39940,2307,4842
05/23/2016,35224,22744,57968,9450,3720,13170,12343,17186,22744,39930,2319,4868
05/24/2016,35163,22699,57862,9452,3710,13162,12311,17131,22699,39830,2320,4870
05/25/2016,35138,22692,57830,9418,3708,13126,12320,17131,22692,39823,2326,4881
05/26/2016,35079,22665,57744,9393,3711,13104,12314,17114,22665,39779,2316,4861
05/27/2016,34996,22605,57601,9363,3700,13063,12283,17073,22605,39678,2315,4860
05/28/2016,34880,22596,57476,9279,3682,12961,12264,17049,22596,39645,2320,4870
05/29/2016,34998,22638,57636,9315,3700,13015,12293,17096,22638,39734,2328,4887
05/30/2016,35033,22611,57644,9356,3715,13071,12279,17072,22611,39683,2330,4890
06/01/2016,35010,22631,57641,9299,3711,13010,12304,17106,22631,39737,2331,4894
06/02/2016,35085,22653,57738,9340,3719,13059,12322,17129,22653,39782,2333,4897
06/03/2016,34994,22625,57619,9249,3713,12962,12317,17114,22625,39739,2343,4918
06/04/2016,34992,22628,57620,9274,3700,12974,12313,17111,22628,39739,2338,4907
06/05/2016,35173,22680,57853,9359,3719,13078,12354,17174,22680,39854,2345,4921
06/06/2016,35190,22649,57839,9366,3728,13094,12339,17152,22649,39801,2356,4944
06/07/2016,35157,22617,57774,9358,3733,13091,12336,17125,22617,39742,2353,4941
06/08/2016,35247,22666,57913,9404,3756,13160,12358,17145,22666,39811,2355,4942
06/09/2016,35250,22707,57957,9383,3744,13127,12382,17186,22707,39893,2353,4937
06/10/2016,34960,22731,57691,9284,3530,12814,12399,17215,22731,39946,2351,4931
06/11/2016,35041,22651,57692,9242,3694,12936,12373,17176,22651,39827,2350,4929
06/12/2016,35184,22687,57871,9336,3726,13062,12393,17199,22687,39886,2347,4923
06/13/2016,35233,22679,57912,9366,3752,13118,12387,17198,22679,39877,2345,4917
06/14/2016,35257,22651,57908,9361,3766,13127,12385,17204,22651,39855,2351,4926
06/15/2016,35268,22655,57923,9351,3758,13109,12404,17231,22655,39886,2350,4928
06/16/2016,35279,22683,57962,9356,3749,13105,12413,17248,22683,39931,2350,4926
06/17/2016,35198,22695,57893,9295,3748,13043,12407,17231,22695,39926,2348,4924
06/18/2016,35107,22672,57779,9257,3717,12974,12398,17223,22672,39895,2341,4910
06/19/2016,35205,22668,57873,9314,3750,13064,12398,17219,22668,39887,2347,4922
06/20/2016,35258,22666,57924,9367,3758,13125,12385,17202,22666,39868,2352,4931
06/21/2016,35210,22629,57839,9355,3759,13114,12360,17173,22629,39802,2347,4923
06/22/2016,35173,22614,57787,9309,3779,13088,12359,17166,22614,39780,2346,4919
06/23/2016,35183,22611,57794,9318,3787,13105,12360,17173,22611,39784,2337,4905
06/24/2016,35120,22613,57733,9277,3761,13038,12371,17190,22613,39803,2331,4892
06/25/2016,34959,22543,57502,9199,3755,12954,12333,17130,22543,39673,2323,4875
06/26/2016,35063,22571,57634,9256,3768,13024,12353,17167,22571,39738,2323,4872
06/27/2016,35162,22597,57759,9291,3783,13074,12372,17186,22597,39783,2337,4902
06/28/2016,35184,22556,57740,9350,3778,13128,12359,17164,22556,39720,2331,4892
06/29/2016,35164,22615,57779,9287,3764,13051,12388,17213,22615,39828,2334,4900
06/30/2016,35134,22653,57787,9253,3736,12989,12413,17228,22653,39881,2342,4917
07/01/2016,34893,22547,57440,9171,3682,12853,12358,17150,22547,39697,2330,4890
07/02/2016,34805,22543,57348,9132,3652,12784,12355,17143,22543,39686,2323,4878
07/03/2016,34946,22618,57564,9168,3679,12847,12391,17195,22618,39813,2336,4904
07/04/2016,35020,22669,57689,9184,3693,12877,12424,17235,22669,39904,2338,4908
07/05/2016,35123,22614,57737,9245,3734,12979,12409,17213,22614,39827,2349,4931
07/06/2016,35128,22577,57705,9261,3731,12992,12386,17194,22577,39771,2355,4942
07/07/2016,35165,22626,57791,9258,3744,13002,12405,17219,22626,39845,2357,4944
07/08/2016,35105,22637,57742,9195,3725,12920,12411,17237,22637,39874,2358,4948
07/09/2016,35087,22704,57791,9175,3712,12887,12446,17283,22704,39987,2344,4917
07/10/2016,35190,22728,57918,9232,3721,12953,12459,17307,22728,40035,2350,4930
07/11/2016,35225,22732,57957,9249,3732,12981,12459,17303,22732,40035,2355,4941
07/12/2016,35237,22762,57999,9234,3747,12981,12472,17313,22762,40075,2357,4943
07/13/2016,35259,22738,57997,9258,3748,13006,12461,17309,22738,40047,2357,4944
07/14/2016,35353,22818,58171,9282,3746,13028,12503,17378,22818,40196,2358,4947
07/15/2016,35310,22889,58199,9195,3706,12901,12555,17450,22889,40339,2364,4959
07/16/2016,35306,22908,58214,9173,3727,12900,12563,17449,22908,40357,2361,4957
07/17/2016,35351,22967,58318,9226,3670,12896,12595,17496,22967,40463,2360,4959
07/18/2016,35525,22955,58480,9297,3749,13046,12591,17496,22955,40451,2371,4983
07/19/2016,35355,22888,58243,9219,3757,12976,12545,17426,22888,40314,2356,4953
07/20/2016,35409,22919,58328,9242,3755,12997,12569,17460,22919,40379,2356,4952
07/21/2016,35443,22987,58430,9251,3727,12978,12616,17520,22987,40507,2353,4945
07/22/2016,35304,22970,58274,9160,3722,12882,12597,17488,22970,40458,2347,4934
07/23/2016,35306,22973,58279,9152,3734,12886,12602,17503,22973,40476,2339,4917
07/24/2016,35340,23017,58357,9133,3748,12881,12627,17543,23017,40560,2338,4916
07/25/2016,35448,22963,58411,9244,3739,12983,12615,17521,22963,40484,2352,4944
07/27/2016,35435,22956,58391,9218,3771,12989,12611,17507,22956,40463,2349,4939
07/28/2016,35394,22953,58347,9190,3771,12961,12620,17509,22953,40462,2343,4924
07/29/2016,35324,22956,58280,9142,3741,12883,12610,17488,22956,40444,2357,4953
07/30/2016,35350,22987,58337,9148,3727,12875,12626,17522,22987,40509,2357,4953
07/31/2016,35477,23069,58546,9184,3735,12919,12667,17589,23069,40658,2365,4969
08/01/2016,35481,23045,58526,9207,3739,12946,12640,17555,23045,40600,2370,4980
08/02/2016,35488,23013,58501,9229,3742,12971,12626,17529,23013,40542,2374,4988
08/03/2016,35485,23023,58508,9227,3748,12975,12631,17531,23023,40554,2369,4979
08/04/2016,35557,23108,58665,9205,3742,12947,12701,17619,23108,40727,2374,4991
08/05/2016,35436,23066,58502,9164,3716,12880,12689,17592,23066,40658,2361,4964
08/06/2016,35502,23120,58622,9154,3735,12889,12711,17622,23120,40742,2375,4991
08/07/2016,35654,23207,58861,9211,3760,12971,12750,17686,23207,40893,2378,4997
08/08/2016,35710,23207,58917,9256,3762,13018,12748,17687,23207,40894,2382,5005
08/09/2016,35721,23219,58940,9291,3742,13033,12763,17700,23219,40919,2374,4988
08/10/2016,35732,23227,58959,9272,3745,13017,12775,17707,23227,40934,2384,5008
08/11/2016,35811,23297,59108,9303,3734,13037,12830,17774,23297,41071,2380,5000
08/12/2016,35751,23312,59063,9243,3725,12968,12841,17793,23312,41105,2376,4990
08/13/2016,35646,23289,58935,9187,3714,12901,12816,17763,23289,41052,2372,4982
08/14/2016,35753,23335,59088,9252,3732,12984,12844,17798,23335,41133,2367,4971
08/15/2016,35829,23381,59210,9260,3732,12992,12875,17844,23381,41225,2377,4993
08/16/2016,35762,23312,59074,9241,3729,12970,12836,17792,23312,41104,2381,5000
08/17/2016,35812,23351,59163,9254,3746,13000,12857,17813,23351,41164,2381,4999
08/18/2016,35805,23319,59124,9284,3744,13028,12837,17781,23319,41100,2381,4996
08/19/2016,35684,23332,59016,9193,3727,12920,12848,17788,23332,41120,2372,4976
08/20/2016,35608,23410,59018,9197,3623,12820,12886,17823,23410,41233,2366,4965
08/21/2016,35832,23434,59266,9268,3742,13010,12902,17843,23434,41277,2374,4979
08/22/2016,35883,23435,59318,9323,3748,13071,12889,17822,23435,41257,2379,4990
08/23/2016,35910,23455,59365,9345,3759,13104,12904,17846,23455,41301,2364,4960
08/24/2016,35920,23453,59373,9285,3788,13073,12913,17844,23453,41297,2385,5003
08/25/2016,35879,23435,59314,9284,3784,13068,12913,17833,23435,41268,2372,4978
08/26/2016,35800,23460,59260,9186,3761,12947,12941,17870,23460,41330,2376,4983
08/27/2016,35728,23484,59212,9113,3769,12882,12949,17875,23484,41359,2370,4971
08/28/2016,35804,23433,59237,9206,3774,12980,12917,17833,23433,41266,2379,4991
08/29/2016,35888,23447,59335,9252,3781,13033,12934,17856,23447,41303,2384,4999
08/30/2016,35897,23440,59337,9256,3787,13043,12926,17841,23440,41281,2391,5013
08/31/2016,35974,23503,59477,9269,3789,13058,12957,17888,23503,41391,2399,5028
09/01/2016,35936,23545,59481,9262,3761,13023,12976,17916,23545,41461,2383,4997
09/02/2016,35806,23506,59312,9210,3713,12923,12942,17878,23506,41384,2387,5005
09/03/2016,35803,23500,59303,9197,3728,12925,12955,17889,23500,41389,2378,4989
09/04/2016,35827,23440,59267,9261,3743,13004,12936,17845,23440,41285,2377,4978
09/05/2016,35852,23443,59295,9264,3769,13033,12927,17826,23443,41269,2385,4993
09/06/2016,35876,23419,59295,9300,3773,13073,12916,17802,23419,41221,2389,5001
09/07/2016,35880,23441,59321,9297,3777,13074,12931,17824,23441,41265,2381,4982
09/08/2016,35848,23431,59279,9284,3765,13049,12933,17822,23431,41253,2379,4977
09/09/2016,35902,23511,59413,9273,3773,13046,12967,17868,23511,41379,2384,4988
09/10/2016,35845,23478,59323,9229,3770,12999,12959,17853,23478,41331,2386,4993
09/11/2016,35944,23519,59463,9251,3786,13037,12986,17897,23519,41416,2394,5010
09/12/2016,35968,23536,59504,9253,3793,13046,12996,17910,23536,41446,2395,5012
09/13/2016,35995,23532,59527,9296,3794,13090,12989,17914,23532,41446,2383,4991
09/14/2016,36006,23542,59548,9306,3802,13108,12985,17890,23542,41432,2390,5008
09/15/2016,36075,23587,59662,9322,3790,13112,13026,17938,23587,41525,2398,5025
09/16/2016,36008,23601,59609,9252,3774,13026,13038,17962,23601,41563,2396,5020
09/17/2016,36016,23644,59660,9257,3771,13028,13050,17983,23644,41627,2389,5005
09/18/2016,36094,23604,59698,9300,3796,13096,13040,17966,23604,41570,2402,5032
09/19/2016,36158,23576,59734,9349,3815,13164,13018,17949,23576,41525,2409,5045
09/20/2016,36187,23599,59786,9342,3816,13158,13037,17964,23599,41563,2418,5065
09/21/2016,36237,23616,59853,9347,3820,13167,13062,18011,23616,41627,2414,5059
09/22/2016,36173,23590,59763,9332,3817,13149,13031,17972,23590,41562,2410,5052
09/23/2016,36157,23630,59787,9286,3803,13089,13058,18017,23630,41647,2410,5051
09/24/2016,36050,23574,59624,9237,3813,13050,13027,17975,23574,41549,2397,5025
09/25/2016,36196,23661,59857,9295,3820,13115,13080,18055,23661,41716,2399,5026
09/26/2016,36254,23685,59939,9330,3816,13146,13094,18068,23685,41753,2405,5040
09/27/2016,36181,23603,59784,9328,3827,13155,13048,18009,23603,41612,2395,5017
09/28/2016,36314,23634,59948,9393,3844,13237,13073,18041,23634,41675,2403,5036
09/29/2016,36290,23628,59918,9385,3842,13227,13067,18023,23628,41651,2406,5040
09/30/2016,36169,23601,59770,9321,3819,13140,13059,17998,23601,41599,2402,5031
10/01/2016,36144,23574,59718,9314,3807,13121,13060,17993,23574,41567,2403,5030
10/02/2016,36259,23628,59887,9375,3823,13198,13093,18034,23628,41662,2402,5027
10/03/2016,36240,23551,59791,9379,3846,13225,13066,17985,23551,41536,2404,5030
10/04/2016,36308,23566,59874,9406,3856,13262,13075,18010,23566,41576,2408,5036
10/05/2016,36231,23585,59816,9329,3851,13180,13095,18022,23585,41607,2406,5029
10/06/2016,36285,23643,59928,9340,3855,13195,13124,18054,23643,41697,2409,5036
10/07/2016,36202,23582,59784,9318,3851,13169,13088,17994,23582,41576,2411,5039
10/08/2016,36173,23554,59727,9324,3847,13171,13083,17985,23554,41539,2401,5017
10/09/2016,36280,23607,59887,9360,3852,13212,13115,18040,23607,41647,2406,5028
10/10/2016,36337,23571,59908,9389,3879,13268,13101,18019,23571,41590,2417,5050
10/11/2016,36321,23619,59940,9351,3868,13219,13117,18040,23619,41659,2424,5062
10/12/2016,36370,23592,59962,9416,3887,13303,13098,18011,23592,41603,2422,5056
10/13/2016,36406,23593,59999,9433,3893,13326,13102,18014,23593,41607,2427,5066
10/15/2016,36334,23554,59888,9404,3884,13288,13074,17972,23554,41526,2431,5074
10/14/2016,36379,23587,59966,9433,3893,13326,13098,17996,23587,41583,2423,5057
10/15/2016,36334,23554,59888,9404,3884,13288,13074,17972,23554,41526,2431,5074
10/16/2016,36399,23594,59993,9439,3882,13321,13088,18001,23594,41595,2432,5077
10/17/2016,36423,23541,59964,9502,3881,13383,13059,17960,23541,41501,2433,5080
10/18/2016,36463,23554,60017,9518,3903,13421,13066,17977,23554,41531,2426,5065
10/19/2016,36465,23565,60030,9511,3911,13422,13073,17975,23565,41540,2427,5068
10/20/2016,36461,23598,60059,9518,3907,13425,13089,17982,23598,41580,2420,5054
10/21/2016,36262,23545,59807,9468,3904,13372,13034,17906,23545,41451,2387,4984
10/22/2016,36291,23539,59830,9493,3901,13394,13043,17915,23539,41454,2386,4982
10/23/2016,36357,23560,59917,9502,3908,13410,13070,17951,23560,41511,2391,4996
10/24/2016,36301,23597,59898,9521,3792,13313,13084,17970,23597,41567,2401,5018
10/25/2016,36480,23618,60098,9526,3906,13432,13105,18001,23618,41619,2415,5047
10/27/2016,36556,23677,60233,9524,3903,13427,13143,18065,23677,41742,2423,5064
10/26/2016,36506,23621,60127,9536,3897,13433,13114,18025,23621,41646,2415,5048
10/28/2016,36528,23652,60180,9499,3901,13400,13137,18060,23652,41712,2424,5068
10/29/2016,36494,23639,60133,9486,3891,13377,13124,18035,23639,41674,2431,5082
10/27/2016,36556,23677,60233,9524,3903,13427,13143,18065,23677,41742,2423,5064
10/30/2016,36581,23662,60243,9522,3899,13421,13139,18067,23662,41729,2437,5093
10/31/2016,36546,23706,60252,9490,3886,13376,13154,18082,23706,41788,2433,5088
11/01/2016,36533,23719,60252,9484,3861,13345,13147,18082,23719,41801,2442,5106
11/02/2016,36520,23711,60231,9464,3872,13336,13131,18065,23711,41776,2447,5119
11/03/2016,36574,23709,60283,9540,3858,13398,13133,18059,23709,41768,2446,5117
11/04/2016,36530,23723,60253,9536,3855,13391,13117,18034,23723,41757,2440,5105
11/05/2016,36546,23726,60272,9544,3861,13405,13116,18041,23726,41767,2437,5100
11/06/2016,36654,23745,60399,9596,3882,13478,13130,18056,23745,41801,2446,5120
11/07/2016,36676,23742,60418,9586,3885,13471,13136,18066,23742,41808,2455,5139
11/08/2016,36663,23710,60373,9594,3878,13472,13130,18057,23710,41767,2453,5134
11/09/2016,36775,23765,60540,9629,3880,13509,13170,18104,23765,41869,2467,5162
11/10/2016,36801,23768,60569,9643,3880,13523,13178,18105,23768,41873,2472,5173
11/11/2016,36793,23785,60578,9601,3886,13487,13197,18131,23785,41916,2473,5175
11/12/2016,36796,23783,60579,9605,3884,13489,13192,18140,23783,41923,2469,5167
11/13/2016,36869,23830,60699,9617,3885,13502,13225,18186,23830,42016,2476,5181
11/14/2016,36867,23807,60674,9622,3889,13511,13200,18158,23807,41965,2483,5198
11/15/2016,36828,23760,60588,9641,3893,13534,13176,18112,23760,41872,2476,5182
11/16/2016,36854,23813,60667,9633,3890,13523,13207,18144,23813,41957,2480,5187
11/17/2016,36900,23809,60709,9647,3897,13544,13212,18156,23809,41965,2483,5200
11/18/2016,36801,23807,60608,9590,3859,13449,13217,18158,23807,41965,2480,5194
11/19/2016,36661,23657,60318,9578,3866,13444,13144,18049,23657,41706,2468,5168
11/20/2016,36762,23662,60424,9635,3883,13518,13145,18065,23662,41727,2473,5179
11/21/2016,36748,23697,60445,9636,3778,13414,13169,18099,23697,41796,2500,5235
11/22/2016,36832,23675,60507,9630,3905,13535,13148,18061,23675,41736,2500,5236
11/23/2016,36824,23680,60504,9622,3870,13492,13156,18077,23680,41757,2509,5255
11/24/2016,36828,23749,60577,9586,3857,13443,13188,18123,23749,41872,2513,5262
11/25/2016,36788,23696,60484,9589,3848,13437,13154,18075,23696,41771,2520,5276
11/26/2016,36803,23701,60504,9589,3857,13446,13157,18085,23701,41786,2519,5272
11/27/2016,36869,23713,60582,9649,3871,13520,13159,18091,23713,41804,2511,5258
11/28/2016,36880,23722,60602,9636,3876,13512,13163,18098,23722,41820,2517,5270
11/29/2016,36856,23697,60553,9637,3887,13524,13153,18086,23697,41783,2505,5246
11/30/2016,36838,23741,60579,9613,3889,13502,13163,18085,23741,41826,2506,5251
12/01/2016,36821,23746,60567,9636,3870,13506,13170,18081,23746,41827,2496,5234
12/02/2016,36793,23770,60563,9586,3861,13447,13187,18102,23770,41872,2502,5244
12/03/2016,36734,23754,60488,9553,3852,13405,13171,18083,23754,41837,2503,5246
12/04/2016,36852,23819,60671,9624,3871,13495,13199,18118,23819,41937,2499,5239
12/05/2016,36898,23788,60686,9640,3879,13519,13189,18110,23788,41898,2514,5269
12/06/2016,36884,23783,60667,9643,3879,13522,13195,18115,23783,41898,2503,5247
12/07/2016,36910,23793,60702,9663,3875,13538,13204,18122,23793,41915,2503,5250
12/08/2016,36896,23727,60623,9682,3869,13551,13179,18077,23727,41804,2511,5268
12/09/2016,36831,23700,60531,9633,3867,13500,13159,18056,23700,41756,2515,5275
12/10/2016,36773,23676,60449,9598,3850,13448,13147,18035,23676,41711,2523,5290
12/11/2016,36779,23605,60384,9646,3854,13500,13108,17991,23605,41596,2522,5288
12/12/2016,36842,23638,60480,9653,3871,13524,13121,18013,23638,41651,2529,5305
12/13/2016,36880,23701,60581,9658,3853,13511,13146,18056,23701,41757,2533,5313
12/14/2016,36924,23738,60662,9664,3871,13535,13151,18084,23738,41822,2530,5305
12/15/2016,36957,23731,60688,9692,3884,13576,13160,18082,23731,41813,2526,5299
12/16/2016,36874,23678,60552,9658,3870,13528,13138,18051,23678,41729,2525,5295
12/17/2016,36807,23640,60447,9628,3859,13487,13105,18015,23640,41655,2530,5305
12/18/2016,36837,23597,60434,9693,3870,13563,13083,17977,23597,41574,2527,5297
12/19/2016,36887,23607,60494,9745,3836,13581,13095,17995,23607,41602,2532,5311
12/20/2016,36830,23571,60401,9727,3850,13577,13076,17964,23571,41535,2521,5289
12/21/2016,36844,23538,60382,9755,3839,13594,13062,17944,23538,41482,2530,5306
12/22/2016,36806,23507,60313,9773,3812,13585,13049,17928,23507,41435,2524,5293
12/23/2016,36699,23473,60172,9722,3804,13526,13021,17890,23473,41363,2519,5283
12/24/2016,36575,23397,59972,9662,3794,13456,12983,17838,23397,41235,2518,5281
12/25/2016,36644,23436,60080,9705,3752,13457,13009,17873,23436,41309,2534,5314
12/26/2016,36716,23390,60106,9772,3776,13548,12984,17832,23389,41221,2544,5337
12/27/2016,36725,23390,60115,9774,3792,13566,12983,17834,23390,41224,2538,5325
12/27/2016,36725,23390,60115,9774,3792,13566,12983,17834,23390,41224,2538,5325
12/28/2016,36784,23403,60187,9824,3798,13622,12992,17851,23403,41254,2532,5311
12/29/2016,36746,23395,60141,9798,3790,13588,12986,17846,23395,41241,2533,5312
12/30/2016,36609,23334,59943,9738,3748,13486,12958,17811,23334,41145,2533,5312
12/31/2016,36324,23320,59644,9544,3684,13228,12952,17804,23320,41124,2524,5292
01/01/2017,36560,23335,59895,9713,3720,13433,12965,17827,23335,41162,2528,5300
01/02/2017,36713,23343,60056,9804,3777,13581,12971,17834,23343,41177,2527,5298
01/03/2017,36710,23312,60022,9825,3769,13594,12956,17816,23312,41128,2528,5300
01/04/2017,36733,23308,60041,9850,3787,13637,12951,17804,23308,41112,2523,5292
01/05/2017,36785,23365,60150,9873,3785,13658,12992,17847,23365,41212,2516,5280
01/06/2017,36705,23386,60091,9807,3767,13574,12990,17837,23386,41223,2523,5294
01/07/2017,36764,23451,60215,9810,3783,13593,13013,17870,23451,41321,2526,5301
01/08/2017,36811,23438,60249,9855,3780,13635,13017,17879,23438,41317,2524,5297
01/09/2017,36889,23484,60373,9868,3805,13673,13040,17910,23484,41394,2529,5306
01/10/2017,36821,23416,60237,9859,3813,13672,12998,17848,23416,41264,2526,5301
01/11/2017,36805,23443,60248,9818,3796,13614,13017,17881,23443,41324,2531,5310
01/12/2017,36773,23471,60244,9790,3782,13572,13021,17883,23471,41354,2535,5318
01/13/2017,36760,23499,60259,9797,3774,13571,13033,17901,23499,41400,2521,5288
01/14/2017,36734,23464,60198,9792,3773,13565,13017,17884,23464,41348,2519,5285
01/15/2017,36746,23442,60188,9817,3786,13603,13010,17857,23442,41299,2520,5286
01/16/2017,36684,23431,60115,9860,3685,13545,13008,17852,23431,41283,2520,5287
01/17/2017,36843,23463,60306,9856,3804,13660,13024,17886,23463,41349,2526,5297
01/19/2017,36820,23455,60275,9876,3793,13669,13000,17853,23455,41308,2527,5298
01/20/2017,36783,23457,60240,9875,3767,13642,13016,17873,23457,41330,2511,5268
01/21/2017,36814,23412,60226,9907,3778,13685,13000,17848,23412,41260,2516,5281
01/26/2017,36949,23475,60424,9969,3795,13764,13056,17927,23475,41402,2506,5258
01/27/2017,36862,23472,60334,9919,3800,13719,13037,17895,23472,41367,2501,5248
01/28/2017,36814,23432,60246,9885,3810,13695,13013,17866,23432,41298,2502,5253
01/29/2017,36894,23415,60309,9918,3824,13742,13013,17874,23415,41289,2514,5278
01/30/2017,36964,23439,60403,9942,3833,13775,13033,17898,23439,41337,2520,5291
01/31/2017,36897,23424,60321,9913,3827,13740,13021,17887,23424,41311,2509,5270
02/01/2017,36829,23354,60183,9918,3794,13712,12997,17851,23354,41205,2509,5266
02/02/2017,36794,23315,60109,9915,3791,13706,12981,17820,23315,41135,2511,5268
02/03/2017,36755,23318,60073,9886,3797,13683,12980,17831,23318,41149,2497,5241
02/04/2017,36760,23352,60112,9895,3784,13679,12985,17846,23352,41198,2494,5235
02/05/2017,36842,23387,60229,9937,3801,13738,13001,17868,23387,41255,2494,5236
02/06/2017,36931,23399,60330,9966,3833,13799,13000,17880,23399,41279,2499,5252
02/07/2017,36853,23326,60179,9936,3847,13783,12959,17828,23326,41154,2495,5242
02/08/2017,36865,23333,60198,9944,3845,13789,12953,17817,23333,41150,2502,5259
02/09/2017,36959,23352,60311,9978,3849,13827,12978,17849,23352,41201,2514,5283
02/10/2017,36875,23323,60198,9955,3824,13779,12955,17822,23323,41145,2510,5274
02/11/2017,36788,23288,60076,9918,3835,13753,12934,17784,23288,41072,2498,5251
02/12/2017,36844,23267,60111,9972,3858,13830,12915,17753,23267,41020,2503,5261
02/13/2017,36790,23307,60097,9979,3754,13733,12939,17785,23307,41092,2508,5272
02/14/2017,36875,23280,60155,10003,3853,13856,12922,17761,23280,41041,2502,5258
02/15/2017,36859,23267,60126,10016,3845,13861,12909,17730,23267,40997,2507,5268
02/16/2017,36841,23264,60105,10024,3830,13854,12918,17735,23264,40999,2500,5252
02/17/2017,36794,23239,60033,9999,3821,13820,12918,17731,23239,40970,2496,5243
02/18/2017,36734,23242,59976,9949,3826,13775,12918,17730,23242,40972,2489,5229
02/19/2017,36756,23210,59966,9996,3820,13816,12908,17723,23210,40933,2483,5217
02/20/2017,36830,23218,60048,10012,3833,13845,12913,17731,23218,40949,2500,5254
02/21/2017,36843,23218,60061,10038,3820,13858,12897,17724,23218,40942,2503,5261
02/22/2017,36802,23170,59972,10031,3833,13864,12867,17677,23170,40847,2504,5261
02/23/2017,36773,23182,59955,10021,3810,13831,12881,17680,23182,40862,2503,5262
02/24/2017,36690,23153,59843,9951,3796,13747,12876,17676,23153,40829,2505,5267
02/25/2017,36705,23161,59866,9963,3794,13757,12885,17688,23161,40849,2501,5260
02/26/2017,36781,23163,59944,10029,3817,13846,12882,17677,23163,40840,2500,5258
02/27/2017,36796,23201,59997,10036,3815,13851,12885,17684,23201,40885,2501,5261
02/28/2017,36764,23145,59909,10042,3826,13868,12858,17647,23145,40792,2495,5249
03/01/2017,36673,23157,59830,9970,3793,13763,12863,17650,23157,40807,2501,5260
03/02/2017,36693,23101,59794,10000,3796,13796,12837,17621,23101,40722,2508,5276
03/03/2017,36674,23083,59757,9985,3803,13788,12826,17615,23083,40698,2506,5271
03/04/2017,36659,23079,59738,9984,3813,13797,12823,17605,23079,40684,2500,5257
03/05/2017,36686,23072,59758,10004,3817,13821,12818,17602,23072,40674,2503,5263
03/06/2017,36793,23117,59910,10057,3829,13886,12849,17637,23117,40754,2509,5270
03/07/2017,36738,23104,59842,10075,3825,13900,12842,17610,23104,40714,2488,5228
03/08/2017,36694,23041,59735,10056,3825,13881,12832,17584,23041,40625,2487,5229
03/09/2017,36740,23053,59793,10044,3833,13877,12843,17626,23053,40679,2492,5237
03/10/2017,36636,22961,59597,10031,3814,13845,12800,17551,22961,40512,2493,5240
03/11/2017,36632,22998,59630,10008,3804,13812,12822,17585,22998,40583,2491,5235
03/12/2017,36588,22994,59582,10050,3696,13746,12821,17586,22994,40580,2500,5256
03/13/2017,36819,23032,59851,10083,3836,13919,12830,17603,23032,40635,2520,5297
03/14/2017,36848,23012,59860,10085,3863,13948,12815,17591,23012,40603,2526,5309
03/15/2017,36864,22966,59830,10152,3869,14021,12788,17553,22966,40519,2517,5290
03/16/2017,36787,22973,59760,10107,3859,13966,12784,17548,22973,40521,2509,5273
03/17/2017,36714,22972,59686,10069,3844,13913,12788,17549,22972,40521,2500,5252
03/18/2017,36605,22859,59464,10073,3838,13911,12737,17469,22859,40328,2487,5225
03/19/2017,36614,22875,59489,10086,3838,13924,12739,17464,22875,40339,2488,5226
03/20/2017,36661,22876,59537,10089,3841,13930,12742,17476,22876,40352,2500,5255
03/21/2017,36584,22790,59374,10088,3847,13935,12694,17411,22790,40201,2494,5238
03/22/2017,36590,22787,59377,10110,3842,13952,12690,17396,22787,40183,2495,5242
03/23/2017,36590,22814,59404,10101,3837,13938,12706,17423,22814,40237,2490,5229
03/24/2017,36527,22754,59281,10079,3821,13900,12674,17381,22754,40135,2498,5246
03/25/2017,36449,22709,59158,10034,3816,13850,12654,17347,22709,40056,2501,5252
03/26/2017,36516,22728,59244,10068,3829,13897,12662,17349,22728,40077,2507,5270
03/27/2017,36594,22761,59355,10097,3840,13937,12684,17387,22761,40148,2507,5270
03/28/2017,36552,22701,59253,10095,3846,13941,12657,17353,22701,40054,2502,5258
03/29/2017,36521,22723,59244,10067,3820,13887,12668,17364,22723,40087,2507,5270
03/30/2017,36517,22723,59240,10083,3808,13891,12669,17356,22723,40079,2506,5270
03/31/2017,36393,22649,59042,10046,3774,13820,12631,17303,22649,39952,2507,5270
04/01/2017,36234,22540,58774,10012,3782,13794,12571,17198,22540,39738,2495,5242
04/02/2017,36232,22561,58793,9980,3790,13770,12584,17216,22561,39777,2496,5246
04/03/2017,36392,22591,58983,10112,3801,13913,12605,17250,22591,39841,2487,5229
04/04/2017,36392,22571,58963,10090,3798,13888,12594,17237,22571,39808,2505,5267
04/05/2017,36408,22557,58965,10099,3815,13914,12585,17214,22557,39771,2512,5280
04/06/2017,36397,22484,58881,10134,3825,13959,12552,17175,22484,39659,2501,5263
04/07/2017,36348,22455,58803,10120,3805,13925,12542,17162,22455,39617,2500,5261
04/08/2017,36325,22465,58790,10108,3800,13908,12541,17163,22465,39628,2497,5254
04/09/2017,36378,22494,58872,10119,3820,13939,12553,17186,22494,39680,2495,5253
04/10/2017,36412,22506,58918,10122,3813,13935,12557,17197,22506,39703,2508,5280
04/11/2017,36388,22481,58869,10110,3808,13918,12560,17215,22481,39696,2496,5255
04/12/2017,36354,22439,58793,10102,3823,13925,12529,17164,22439,39603,2501,5265
04/18/2017,36466,22369,58835,10195,3825,14020,12478,17121,22369,39490,2529,5325
04/19/2017,36533,22388,58921,10218,3842,14060,12497,17140,22388,39528,2533,5333
04/20/2017,36521,22409,58930,10186,3846,14032,12511,17147,22409,39556,2536,5342
04/21/2017,36475,22385,58860,10153,3810,13963,12501,17142,22385,39527,2550,5370
04/22/2017,36511,22416,58927,10146,3824,13970,12516,17173,22416,39589,2548,5368
04/23/2017,36573,22458,59031,10175,3825,14000,12546,17212,22458,39670,2545,5361
04/24/2017,36614,22437,59051,10198,3828,14026,12536,17203,22437,39640,2557,5385
04/25/2017,36573,22465,59038,10193,3842,14035,12536,17207,22465,39672,2532,5331
04/26/2017,36556,22455,59011,10175,3837,14012,12530,17189,22455,39644,2542,5355
04/27/2017,36586,22473,59059,10176,3826,14002,12556,17226,22473,39699,2542,5358
04/28/2017,36470,22457,58927,10074,3823,13897,12562,17236,22457,39693,2533,5337
04/29/2017,36363,22393,58756,10075,3813,13888,12509,17161,22393,39554,2521,5314
04/30/2017,36486,22392,58878,10152,3819,13971,12508,17165,22392,39557,2540,5350
05/01/2017,36477,22415,58892,10123,3802,13925,12527,17197,22415,39612,2543,5355
05/02/2017,36367,22335,58702,10171,3795,13966,12479,17136,22335,39471,2498,5265
05/03/2017,36426,22377,58803,10160,3810,13970,12502,17164,22377,39541,2512,5292
05/04/2017,36347,22357,58704,10166,3799,13965,12484,17139,22357,39496,2488,5243
05/05/2017,36243,22300,58543,10149,3791,13940,12452,17077,22300,39377,2478,5226
05/06/2017,36204,22302,58506,10101,3810,13911,12443,17050,22302,39352,2486,5243
05/07/2017,36299,22345,58644,10165,3821,13986,12454,17073,22345,39418,2485,5240
05/08/2017,36364,22389,58753,10189,3821,14010,12472,17096,22389,39485,2494,5258
05/09/2017,36342,22379,58721,10157,3837,13994,12460,17092,22379,39471,2493,5256
05/10/2017,36331,22414,58745,10177,3762,13939,12492,17124,22414,39538,2498,5268
05/11/2017,36347,22403,58750,10168,3817,13985,12488,17103,22403,39506,2494,5259
05/12/2017,36295,22351,58646,10149,3815,13964,12456,17063,22351,39414,2498,5268
05/13/2017,36337,22358,58695,10183,3817,14000,12469,17085,22358,39443,2491,5252
05/15/2017,36307,22312,58619,10177,3811,13988,12437,17055,22312,39367,2498,5264
05/16/2017,36338,22296,58634,10189,3846,14035,12435,17050,22296,39346,2493,5253
05/17/2017,36435,22374,58809,10197,3848,14045,12489,17121,22374,39495,2500,5269
05/18/2017,36344,22323,58667,10168,3826,13994,12454,17084,22323,39407,2499,5266
05/19/2017,36312,22309,58621,10150,3812,13962,12457,17079,22309,39388,2501,5271
05/20/2017,36358,22335,58693,10162,3825,13987,12482,17107,22335,39442,2496,5264
05/21/2017,36396,22307,58703,10190,3831,14021,12476,17096,22307,39403,2504,5279
05/22/2017,36421,22295,58716,10216,3848,14064,12463,17094,22295,39389,2496,5263
05/23/2017,36324,22257,58581,10204,3834,14038,12436,17053,22257,39310,2481,5233
05/28/2017,36254,22287,58541,10134,3826,13960,12476,17091,22287,39378,2465,5203
05/29/2017,36292,22258,58550,10217,3828,14045,12456,17058,22258,39316,2458,5189
05/30/2017,36291,22214,58505,10230,3849,14079,12430,17021,22214,39235,2459,5191
05/31/2017,36233,22179,58412,10219,3839,14058,12413,16993,22179,39172,2455,5182
06/01/2017,36112,22149,58261,10139,3811,13950,12419,16989,22149,39138,2452,5173
06/02/2017,36121,22201,58322,10100,3787,13887,12443,17032,22201,39233,2465,5202
06/03/2017,36056,22144,58200,10102,3780,13882,12408,16989,22144,39133,2457,5185
06/01/2017,36112,22149,58261,10139,3811,13950,12419,16989,22149,39138,2452,5173
06/02/2017,36121,22201,58322,10100,3787,13887,12443,17032,22201,39233,2465,5202
06/03/2017,36056,22144,58200,10102,3780,13882,12408,16989,22144,39133,2457,5185
06/04/2017,36186,22163,58349,10175,3805,13980,12426,17011,22163,39174,2462,5195
06/01/2017,36112,22149,58261,10139,3811,13950,12419,16989,22149,39138,2452,5173
06/02/2017,36121,22201,58322,10100,3787,13887,12443,17032,22201,39233,2465,5202
06/03/2017,36056,22144,58200,10102,3780,13882,12408,16989,22144,39133,2457,5185
06/04/2017,36186,22163,58349,10175,3805,13980,12426,17011,22163,39174,2462,5195
06/05/2017,36280,22194,58474,10220,3820,14040,12433,17022,22194,39216,2473,5218
06/06/2017,36149,22153,58302,10221,3713,13934,12406,16992,22153,39145,2474,5223
06/06/2017,36149,22153,58302,10221,3713,13934,12406,16992,22153,39145,2474,5223
06/07/2017,36290,22173,58463,10223,3829,14052,12433,17016,22173,39189,2473,5222
06/08/2017,36281,22100,58381,10237,3841,14078,12398,16967,22100,39067,2480,5236
06/09/2017,36194,22104,58298,10181,3822,14003,12411,16978,22104,39082,2470,5213
06/10/2017,36121,22089,58210,10127,3812,13939,12393,16954,22089,39043,2476,5228
06/11/2017,36151,22106,58257,10137,3827,13964,12401,16970,22106,39076,2470,5217
06/12/2017,36147,22091,58238,10150,3813,13963,12400,16966,22091,39057,2469,5218
06/13/2017,36126,22042,58168,10131,3837,13968,12362,16926,22042,38968,2477,5232
06/14/2017,36167,22097,58264,10150,3824,13974,12396,16956,22097,39053,2479,5237
06/15/2017,36168,22082,58250,10171,3826,13997,12386,16948,22082,39030,2474,5223
06/16/2017,36104,22091,58195,10121,3802,13923,12398,16985,22091,39076,2460,5196
06/17/2017,36112,22068,58180,10141,3802,13943,12388,16971,22068,39039,2461,5198
06/18/2017,36165,22119,58284,10135,3818,13953,12414,17002,22119,39121,2467,5210
06/19/2017,36260,22144,58404,10189,3834,14023,12422,17022,22144,39166,2469,5215
06/20/2017,36182,22036,58218,10181,3827,14008,12375,16951,22036,38987,2473,5223
06/21/2017,36178,22067,58245,10180,3818,13998,12394,16965,22067,39032,2470,5215
06/25/2017,36173,22117,58290,10177,3796,13973,12406,16981,22117,39098,2471,5219
06/26/2017,36154,22119,58273,10173,3793,13966,12407,16992,22119,39111,2460,5196
06/27/2017,36209,22142,58351,10220,3823,14043,12404,16995,22142,39137,2448,5171
06/28/2017,36190,22179,58369,10185,3800,13985,12439,17030,22179,39209,2449,5175
06/29/2017,36184,22187,58371,10162,3818,13980,12443,17039,22187,39226,2444,5165
06/30/2017,35994,22165,58159,10056,3782,13838,12439,17021,22165,39186,2431,5135
07/01/2017,35976,22165,58141,10059,3776,13835,12418,17004,22165,39169,2432,5137
07/02/2017,36007,22127,58134,10079,3809,13888,12388,16970,22127,39097,2437,5149
07/03/2017,36013,22088,58101,10066,3811,13877,12371,16957,22088,39045,2450,5179
07/04/2017,35890,22047,57937,10008,3796,13804,12349,16933,22047,38980,2438,5153
07/05/2017,36054,22074,58128,10073,3830,13903,12365,16955,22074,39029,2459,5196
07/06/2017,36082,22078,58160,10117,3832,13949,12368,16952,22078,39030,2452,5181
07/07/2017,36042,22111,58153,10069,3818,13887,12382,16967,22111,39078,2456,5188
07/08/2017,36015,22142,58157,10030,3803,13833,12398,17003,22142,39145,2452,5179
07/09/2017,36111,22139,58250,10107,3824,13931,12387,16981,22139,39120,2463,5199
07/10/2017,36138,22135,58273,10097,3840,13937,12393,16997,22135,39132,2465,5204
07/11/2017,36136,22135,58271,10092,3843,13935,12385,16977,22135,39112,2475,5224
07/12/2017,36144,22175,58319,10104,3844,13948,12395,16989,22175,39164,2467,5207
07/13/2017,36101,22156,58257,10099,3835,13934,12384,16957,22156,39113,2467,5210
07/14/2017,36142,22214,58356,10077,3837,13914,12428,17017,22214,39231,2469,5211
07/15/2017,36140,22236,58376,10051,3834,13885,12448,17048,22236,39284,2468,5207
07/16/2017,36225,22254,58479,10095,3862,13957,12452,17058,22254,39312,2469,5210
07/17/2017,36249,22234,58483,10141,3868,14009,12435,17030,22234,39264,2469,5210
07/18/2017,36217,22200,58417,10156,3860,14016,12421,17004,22200,39204,2462,5197
07/19/2017,36262,22220,58482,10125,3872,13997,12442,17052,22220,39272,2469,5213
07/20/2017,36275,22223,58498,10154,3883,14037,12431,17034,22223,39257,2466,5204
07/21/2017,36229,22209,58438,10102,3864,13966,12435,17033,22209,39242,2477,5230
07/22/2017,36221,22229,58450,10080,3859,13939,12452,17044,22229,39273,2480,5238
07/23/2017,36283,22207,58490,10130,3880,14010,12438,17023,22207,39230,2486,5250
07/24/2017,36307,22184,58491,10154,3895,14049,12417,17004,22184,39188,2489,5254
07/25/2017,36311,22204,58515,10184,3877,14061,12416,17004,22204,39208,2486,5246
07/26/2017,36352,22223,58575,10183,3896,14079,12431,17023,22223,39246,2488,5250
07/27/2017,36364,22231,58595,10187,3894,14081,12433,17023,22231,39254,2492,5260
07/28/2017,36278,22235,58513,10096,3885,13981,12431,17029,22235,39264,2495,5268
07/29/2017,36269,22222,58491,10093,3893,13986,12423,17022,22222,39244,2494,5261
07/30/2017,36324,22229,58553,10132,3901,14033,12429,17032,22229,39261,2493,5259
07/31/2017,36342,22232,58574,10132,3905,14037,12423,17025,22232,39257,2503,5280
08/01/2017,36195,22170,58365,10085,3872,13957,12379,16962,22170,39132,2501,5276
08/02/2017,36292,22156,58448,10125,3900,14025,12393,16979,22156,39135,2507,5288
08/03/2017,36293,22235,58528,10084,3892,13976,12424,17022,22235,39257,2509,5295
08/04/2017,36272,22247,58519,10045,3883,13928,12429,17042,22247,39289,2512,5302
08/05/2017,36296,22266,58562,10044,3889,13933,12444,17064,22266,39330,2511,5299
08/06/2017,36467,22298,58765,10149,3910,14059,12464,17094,22298,39392,2517,5314
08/07/2017,36505,22298,58803,10205,3911,14116,12462,17093,22298,39391,2509,5296
08/08/2017,36467,22261,58728,10209,3911,14120,12435,17062,22261,39323,2504,5285
08/09/2017,36435,22240,58675,10187,3908,14095,12431,17047,22240,39287,2508,5293
08/10/2017,36508,22328,58836,10196,3914,14110,12482,17096,22328,39424,2513,5302
08/11/2017,36431,22302,58733,10133,3893,14026,12476,17089,22302,39391,2519,5316
08/12/2017,36439,22313,58752,10130,3892,14022,12480,17095,22313,39408,2521,5322
08/13/2017,36554,22362,58916,10204,3904,14108,12508,17135,22362,39497,2515,5311
08/14/2017,36622,22357,58979,10245,3913,14158,12504,17136,22357,39493,2525,5328
08/15/2017,36626,22349,58975,10241,3927,14168,12501,17128,22349,39477,2526,5330
08/16/2017,36688,22426,59114,10251,3927,14178,12529,17166,22426,39592,2533,5344
08/17/2017,36590,22355,58945,10239,3924,14163,12501,17125,22355,39480,2511,5302
08/18/2017,36517,22359,58876,10184,3892,14076,12500,17129,22359,39488,2516,5312
08/19/2017,36475,22327,58802,10162,3895,14057,12484,17107,22327,39434,2516,5311
08/20/2017,36591,22366,58957,10222,3906,14128,12502,17140,22366,39506,2522,5323
08/21/2017,36665,22387,59052,10248,3919,14167,12518,17165,22387,39552,2527,5333
08/22/2017,36612,22380,58992,10232,3900,14132,12510,17164,22380,39544,2519,5316
08/23/2017,36653,22418,59071,10223,3925,14148,12531,17188,22418,39606,2520,5317
08/24/2017,36674,22452,59126,10244,3919,14163,12542,17196,22452,39648,2518,5315
08/25/2017,36640,22472,59112,10191,3932,14123,12558,17212,22472,39684,2513,5305
08/26/2017,36601,22426,59027,10170,3951,14121,12545,17184,22426,39610,2509,5296
08/27/2017,36685,22418,59103,10242,3979,14221,12541,17176,22418,39594,2506,5288
08/28/2017,36776,22495,59271,10249,3979,14228,12584,17245,22495,39740,2513,5303
08/29/2017,36799,22512,59311,10265,3981,14246,12575,17219,22512,39731,2530,5334
08/30/2017,36881,22631,59512,10258,3982,14240,12642,17311,22631,39942,2528,5330
08/31/2017,36878,22624,59502,10272,3995,14267,12640,17308,22624,39932,2514,5303
09/01/2017,36697,22655,59352,10142,3919,14061,12666,17344,22655,39999,2507,5292
09/02/2017,36644,22627,59271,10146,3913,14059,12650,17315,22627,39942,2495,5270
09/03/2017,36805,22675,59480,10224,3936,14160,12676,17349,22675,40024,2506,5296
09/04/2017,36761,22640,59401,10240,3947,14187,12639,17295,22640,39935,2498,5279
09/05/2017,36844,22712,59556,10238,3955,14193,12683,17371,22712,40083,2498,5280
09/06/2017,36825,22689,59514,10262,3949,14211,12656,17354,22689,40043,2488,5260
09/07/2017,36845,22730,59575,10228,3950,14178,12687,17381,22730,40111,2502,5286
09/08/2017,36818,22779,59597,10218,3924,14142,12687,17369,22779,40148,2512,5307
09/09/2017,36757,22773,59530,10168,3920,14088,12685,17367,22773,40140,2510,5302
09/10/2017,36859,22766,59625,10234,3950,14184,12693,17375,22766,40141,2509,5300
09/11/2017,36962,22870,59832,10230,3951,14181,12736,17446,22870,40316,2526,5335
09/12/2017,36952,22823,59775,10250,3948,14198,12716,17414,22823,40237,2529,5340
09/13/2017,36972,22840,59812,10240,3972,14212,12728,17428,22840,40268,2525,5332
09/14/2017,36990,22873,59863,10236,3979,14215,12734,17427,22873,40300,2532,5348
09/15/2017,36942,22869,59811,10201,3967,14168,12737,17431,22869,40300,2529,5343
09/16/2017,36937,22898,59835,10189,3947,14136,12747,17448,22898,40346,2533,5353
09/17/2017,37044,22927,59971,10253,3962,14215,12766,17475,22927,40402,2534,5354
09/18/2017,37016,22866,59882,10250,3978,14228,12732,17432,22866,40298,2535,5356
09/19/2017,37043,22923,59966,10257,3994,14251,12755,17473,22923,40396,2517,5319
09/19/2017,37043,22923,59966,10257,3994,14251,12755,17473,22923,40396,2517,5319
09/20/2017,37067,22952,60019,10251,3989,14240,12776,17484,22952,40436,2526,5343
09/21/2017,37125,22991,60116,10266,3988,14254,12805,17525,22991,40516,2528,5346
09/22/2017,37033,23007,60040,10207,3974,14181,12805,17522,23007,40529,2521,5330
09/23/2017,37035,23079,60114,10188,3961,14149,12839,17564,23079,40643,2517,5322
09/24/2017,37087,23024,60111,10262,3982,14244,12807,17516,23024,40540,2520,5327
09/25/2017,37076,22945,60021,10268,4003,14271,12774,17479,22945,40424,2520,5326
09/26/2017,37085,22971,60056,10264,4000,14264,12796,17486,22971,40457,2524,5335
09/27/2017,37090,23004,60094,10267,3986,14253,12818,17510,23004,40514,2521,5327
09/28/2017,37112,23031,60143,10259,4000,14259,12843,17545,23031,40576,2513,5308
09/29/2017,36935,22987,59922,10142,3971,14113,12812,17511,22987,40498,2514,5311
09/30/2017,36959,22930,59889,10197,3968,14165,12795,17489,22930,40419,2511,5305
10/01/2017,37059,23038,60097,10197,3998,14195,12851,17569,23038,40607,2507,5295
10/02/2017,37043,23002,60045,10223,3997,14220,12818,17542,23002,40544,2500,5281
10/03/2017,37064,23084,60148,10234,3995,14229,12843,17563,23084,40647,2497,5272
10/04/2017,37146,23068,60214,10266,4030,14296,12838,17551,23068,40619,2509,5299
10/05/2017,37064,22987,60051,10257,4035,14292,12799,17500,22987,40487,2496,5272
10/06/2017,37008,23042,60050,10191,3996,14187,12822,17540,23042,40582,2500,5281
10/07/2017,36932,22953,59885,10170,4008,14178,12797,17508,22953,40461,2484,5246
10/08/2017,37043,22967,60010,10249,4039,14288,12801,17504,22967,40471,2486,5251
10/09/2017,37125,22964,60089,10280,4057,14337,12804,17538,22964,40502,2486,5250
10/10/2017,37192,23045,60237,10276,4055,14331,12845,17591,23045,40636,2495,5270
10/11/2017,37264,23086,60350,10308,4075,14383,12866,17610,23086,40696,2496,5271
10/12/2017,37267,23067,60334,10301,4087,14388,12857,17591,23067,40658,2505,5288
10/13/2017,37219,23098,60317,10272,4069,14341,12863,17594,23098,40692,2504,5284
10/14/2017,37064,23083,60147,10209,4022,14231,12857,17577,23083,40660,2491,5256
10/15/2017,37197,23138,60335,10248,4044,14292,12899,17642,23138,40780,2495,5263
10/16/2017,37298,23138,60436,10286,4062,14348,12914,17668,23138,40806,2504,5282
10/17/2017,37182,23123,60305,10281,3928,14209,12907,17667,23123,40790,2515,5306
10/18/2017,37353,23172,60525,10275,4067,14342,12935,17702,23172,40874,2518,5309
10/19/2017,37352,23173,60525,10282,4064,14346,12954,17713,23173,40886,2511,5293
10/20/2017,37274,23173,60447,10220,4043,14263,12945,17717,23173,40890,2512,5294
10/21/2017,37291,23228,60519,10246,4025,14271,12963,17740,23228,40968,2504,5280
10/22/2017,37355,23182,60537,10303,4060,14363,12944,17721,23182,40903,2499,5271
10/23/2017,37287,23071,60358,10299,4068,14367,12895,17655,23071,40726,2496,5265
10/24/2017,37325,23056,60381,10317,4071,14388,12895,17644,23056,40700,2509,5293
10/25/2017,37331,23121,60452,10306,4061,14367,12914,17659,23121,40780,2516,5305
10/26/2017,37326,23131,60457,10330,4065,14395,12912,17639,23131,40770,2511,5292
10/27/2017,37160,23056,60216,10252,4041,14293,12884,17603,23056,40659,2498,5264
10/28/2017,37135,23047,60182,10236,4044,14280,12870,17593,23047,40640,2497,5262
10/29/2017,37250,23060,60310,10316,4051,14367,12879,17606,23060,40666,2504,5277
10/30/2017,37282,23069,60351,10339,4063,14402,12887,17616,23069,40685,2497,5264
10/31/2017,37182,22996,60178,10305,4052,14357,12845,17560,22996,40556,2497,5265
11/01/2017,37121,22988,60109,10283,4031,14314,12837,17546,22988,40534,2495,5261
11/02/2017,37088,22905,59993,10285,4040,14325,12799,17492,22905,40397,2500,5271
11/05/2017,37122,22944,60066,10307,4031,14338,12818,17522,22944,40466,2496,5262
11/06/2017,37252,23013,60265,10330,4040,14370,12869,17597,23013,40610,2506,5285
11/07/2017,37270,22947,60217,10370,4063,14433,12837,17553,22947,40500,2506,5284
11/08/2017,37303,22976,60279,10366,4069,14435,12864,17589,22976,40565,2505,5279
11/09/2017,37264,22954,60218,10377,4069,14446,12841,17550,22954,40504,2501,5268
11/10/2017,37282,22966,60248,10373,4077,14450,12860,17575,22966,40541,2494,5257
11/11/2017,37146,22932,60078,10336,4044,14380,12829,17534,22932,40466,2481,5232
11/12/2017,37275,23012,60287,10381,4062,14443,12866,17586,23012,40598,2489,5246
11/13/2017,37340,22965,60305,10439,4078,14517,12847,17570,22965,40535,2492,5253
11/14/2017,37360,22965,60325,10436,4091,14527,12834,17560,22965,40525,2501,5273
11/15/2017,37364,22988,60352,10432,4075,14507,12842,17555,22988,40543,2514,5302
11/16/2017,37387,22994,60381,10460,4092,14552,12844,17554,22994,40548,2503,5281
11/18/2017,37268,22895,60163,10450,4079,14529,12789,17464,22895,40359,2502,5275
11/19/2017,37278,22930,60208,10437,4066,14503,12806,17487,22930,40417,2509,5288
11/20/2017,37395,22968,60363,10501,4059,14560,12825,17530,22968,40498,2517,5305
11/21/2017,37414,22954,60368,10499,4076,14575,12833,17549,22954,40503,2511,5290
11/22/2017,37371,22945,60316,10495,4056,14551,12832,17534,22945,40479,2507,5286
11/23/2017,37279,22936,60215,10410,4056,14466,12833,17534,22936,40470,2504,5279
11/24/2017,37328,22933,60261,10460,4066,14526,12820,17517,22933,40450,2507,5285
11/25/2017,37250,22863,60113,10465,4058,14523,12773,17451,22863,40314,2503,5276
11/26/2017,37321,22858,60179,10510,4084,14594,12762,17442,22858,40300,2508,5285
11/27/2017,37394,22885,60279,10531,4094,14625,12785,17482,22885,40367,2509,5287
11/28/2017,37433,22908,60341,10540,4095,14635,12799,17498,22908,40406,2516,5300
11/29/2017,37464,22911,60375,10542,4116,14658,12792,17484,22911,40395,2526,5322
11/30/2017,37400,22830,60230,10531,4105,14636,12773,17451,22830,40281,2522,5313
12/01/2017,37262,22887,60149,10449,4067,14516,12784,17455,22887,40342,2510,5291
12/02/2017,37259,22905,60164,10490,4056,14546,12794,17467,22905,40372,2489,5246
12/03/2017,37372,22916,60288,10534,4078,14612,12810,17492,22916,40408,2498,5268
12/04/2017,37414,22934,60348,10525,4070,14595,12826,17521,22934,40455,2512,5298
12/05/2017,37413,22918,60331,10531,4077,14608,12810,17517,22918,40435,2507,5288
12/06/2017,37569,22966,60535,10600,4114,14714,12844,17565,22966,40531,2506,5290
12/07/2017,37516,22936,60452,10579,4112,14691,12827,17540,22936,40476,2506,5285
12/08/2017,37438,22903,60341,10572,4081,14653,12809,17516,22903,40419,2497,5269
12/09/2017,37442,22927,60369,10562,4077,14639,12825,17537,22927,40464,2496,5266
12/10/2017,37528,22980,60508,10604,4077,14681,12848,17570,22980,40550,2503,5277
12/12/2017,37522,22929,60451,10606,4098,14704,12822,17532,22929,40461,2507,5286
12/13/2017,37594,22916,60510,10648,4109,14757,12821,17533,22916,40449,2517,5304
12/14/2017,37646,22947,60593,10665,4119,14784,12826,17542,22947,40489,2524,5320
12/15/2017,37628,22957,60585,10641,4093,14734,12833,17557,22957,40514,2532,5337
12/16/2017,37521,22926,60447,10577,4093,14670,12819,17536,22926,40462,2520,5315
12/17/2017,37580,22929,60509,10628,4100,14728,12815,17541,22929,40470,2520,5311
12/18/2017,37575,22905,60480,10626,4103,14729,12806,17526,22905,40431,2522,5320
12/19/2017,37523,22835,60358,10634,4093,14727,12772,17489,22835,40324,2516,5307
12/20/2017,37530,22829,60359,10650,4094,14744,12774,17478,22829,40307,2515,5308
12/21/2017,37563,22820,60383,10643,4092,14735,12785,17487,22820,40307,2530,5341
12/22/2017,37484,22824,60308,10621,4080,14701,12765,17467,22824,40291,2517,5316
12/23/2017,37391,22785,60176,10584,4055,14639,12744,17438,22785,40223,2517,5314
12/24/2017,37401,22806,60207,10589,4049,14638,12755,17453,22806,40259,2516,5310
11/12/2013,29144,22092,51236,7350,2730,10080,10572,15064,22092,37156,1885,4000
11/19/2013,29168,22215,51383,7301,2724,10025,10626,15146,22215,37361,1887,3997
11/30/2013,28885,22146,51031,7167,2662,9829,10593,15079,22146,37225,1874,3977
02/21/2014,29609,22484,52093,7516,2750,10266,10732,15320,22484,37804,1898,4023
07/02/2014,30429,23206,53635,7530,2812,10342,11230,16069,23206,39275,1910,4018
07/28/2014,31215,23645,54860,7676,2929,10605,11465,16433,23642,40075,1985,4177
02/03/2015,33666,24819,58485,8504,3187,11691,12082,17418,24819,42237,2167,4557
03/11/2015,33535,24286,57821,8640,3188,11828,11879,17154,24286,41440,2163,4553
12/25/2017,37456,22830,60286,10621,4051,14672,12774,17471,22830,40301,2518,5313
12/26/2017,37468,22760,60228,10660,4069,14729,12742,17415,22760,40175,2523,5324
12/27/2017,37365,22668,60033,10632,4086,14718,12684,17345,22668,40013,2512,5302
12/28/2017,37387,22692,60079,10657,4051,14708,12710,17375,22692,40067,2513,5304
12/29/2017,37356,22694,60050,10632,4034,14666,12722,17384,22694,40078,2513,5306
12/30/2017,37322,22695,60017,10627,4030,14657,12716,17384,22695,40079,2503,5281
12/31/2017,37248,22685,59933,10564,4012,14576,12707,17379,22685,40064,2507,5293
01/01/2018,37388,22711,60099,10644,4039,14683,12721,17396,22711,40107,2516,5309
01/02/2018,37444,22682,60126,10695,4064,14759,12706,17377,22682,40059,2516,5308
01/03/2018,37301,22542,59843,10684,4047,14731,12619,17279,22542,39821,2507,5291
01/04/2018,37461,22636,60097,10706,4061,14767,12691,17385,22636,40021,2516,5309
01/05/2018,37354,22566,59920,10688,4049,14737,12638,17303,22566,39869,2517,5314
01/06/2018,37313,22579,59892,10686,4027,14713,12644,17312,22579,39891,2504,5288
01/07/2018,37435,22657,60092,10698,4044,14742,12693,17388,22657,40045,2512,5305
01/08/2018,37505,22655,60160,10715,4079,14794,12696,17398,22655,40053,2514,5313
01/09/2018,37449,22595,60044,10746,4064,14810,12664,17350,22595,39945,2505,5289
01/10/2018,37481,22627,60108,10762,4068,14830,12686,17366,22627,39993,2503,5285
01/11/2018,37571,22725,60296,10776,4087,14863,12747,17448,22725,40173,2492,5260
01/12/2018,37454,22759,60213,10689,4047,14736,12744,17457,22759,40216,2494,5261
01/13/2018,37467,22710,60177,10723,4058,14781,12716,17420,22710,40130,2496,5266
01/14/2018,37641,22760,60401,10807,4082,14889,12759,17476,22760,40236,2500,5276
01/15/2018,37667,22813,60480,10774,4110,14884,12777,17496,22813,40309,2505,5287
01/16/2018,37655,22786,60441,10792,4092,14884,12771,17485,22786,40271,2504,5286
01/17/2018,37718,22813,60531,10805,4115,14920,12793,17511,22813,40324,2506,5287
01/18/2018,37777,22783,60560,10812,4150,14962,12775,17479,22783,40262,2530,5336
01/19/2018,37742,22795,60537,10792,4136,14928,12801,17500,22795,40295,2519,5314
01/20/2018,37742,22888,60630,10782,4104,14886,12848,17556,22888,40444,2511,5300
01/21/2018,37829,22874,60703,10834,4124,14958,12847,17571,22874,40445,2511,5300
01/21/2018,37829,22874,60703,10834,4124,14958,12847,17571,22874,40445,2511,5300
01/22/2018,37823,22824,60647,10877,4123,15000,12817,17527,22824,40351,2511,5296
01/23/2018,37852,22880,60732,10883,4137,15020,12835,17553,22880,40433,2502,5279
01/24/2018,37891,22904,60795,10893,4138,15031,12856,17561,22904,40465,2513,5299
01/25/2018,37926,22919,60845,10920,4126,15046,12874,17596,22919,40515,2505,5284
01/26/2018,37916,22927,60843,10905,4122,15027,12876,17595,22927,40522,2505,5294
01/27/2018,37875,22922,60797,10902,4114,15016,12874,17591,22922,40513,2494,5268
01/28/2018,37931,22930,60861,10939,4120,15059,12883,17603,22930,40533,2493,5269
01/29/2018,37973,22930,60903,10913,4145,15058,12870,17602,22930,40532,2516,5313
01/30/2018,38009,22906,60915,10976,4143,15119,12853,17580,22906,40486,2515,5310
01/31/2018,38088,22950,61038,10989,4150,15139,12878,17619,22950,40569,2524,5330
02/01/2018,38059,22970,61029,10997,4128,15125,12894,17636,22970,40606,2512,5298
02/02/2018,37976,22974,60950,10974,4101,15075,12887,17629,22974,40603,2500,5272
02/03/2018,38019,22983,61002,10988,4116,15104,12891,17629,22983,40612,2506,5286
02/04/2018,38047,22978,61025,10999,4128,15127,12889,17628,22978,40606,2509,5292
02/05/2018,38040,22985,61025,11011,4111,15122,12882,17614,22985,40599,2515,5304
02/06/2018,38038,22964,61002,11009,4151,15160,12870,17598,22964,40562,2503,5280
02/07/2018,38108,22967,61075,11033,4175,15208,12872,17597,22967,40564,2514,5303
02/08/2018,38053,22918,60971,11042,4164,15206,12851,17572,22918,40490,2501,5275
02/09/2018,38035,22891,60926,11032,4164,15196,12853,17579,22891,40470,2492,5260
02/10/2018,37885,22831,60716,10980,4144,15124,12812,17512,22831,40343,2488,5249
02/11/2018,37939,22853,60792,11024,4171,15195,12815,17513,22853,40366,2479,5231
02/12/2018,37963,22791,60754,11043,4184,15227,12786,17479,22791,40270,2491,5257
02/13/2018,37978,22782,60760,11071,4188,15259,12779,17472,22782,40254,2489,5247
02/14/2018,37969,22786,60755,11055,4183,15238,12784,17477,22786,40263,2491,5254
02/15/2018,38009,22766,60775,11078,4203,15281,12782,17474,22766,40240,2490,5254
02/16/2018,37900,22693,60593,11026,4184,15210,12760,17442,22693,40135,2487,5248
02/17/2018,37835,22651,60486,11018,4193,15211,12737,17406,22651,40057,2472,5218
02/18/2018,37899,22662,60561,11058,4188,15246,12743,17423,22662,40085,2479,5230
02/19/2018,37930,22622,60552,11086,4211,15297,12725,17395,22622,40017,2483,5238
02/20/2018,37909,22620,60529,11062,4195,15257,12737,17410,22620,40030,2485,5242
02/21/2018,37874,22598,60472,11094,4187,15281,12722,17372,22598,39970,2474,5221
02/22/2018,37916,22654,60570,11118,4189,15307,12739,17385,22654,40039,2477,5224
02/23/2018,37839,22639,60478,11047,4189,15236,12736,17382,22639,40021,2474,5221
02/24/2018,37769,22597,60366,11056,4186,15242,12709,17348,22597,39945,2453,5179
02/25/2018,37824,22603,60427,11107,4183,15290,12702,17336,22603,39939,2461,5198
02/26/2018,37870,22600,60470,11119,4190,15309,12702,17337,22600,39937,2473,5224
02/27/2018,37837,22620,60457,11109,4179,15288,12715,17350,22620,39970,2462,5199
02/28/2018,37800,22643,60443,11063,4162,15225,12718,17361,22643,40004,2466,5214
03/01/2018,37732,22652,60384,11038,4127,15165,12730,17361,22652,40013,2462,5206
03/02/2018,37776,22647,60423,11051,4133,15184,12727,17362,22647,40009,2474,5230
03/03/2018,37684,22600,60284,11007,4152,15159,12707,17331,22600,39931,2458,5194
03/04/2018,37730,22633,60363,11042,4154,15196,12721,17353,22633,39986,2452,5181
03/05/2018,37806,22613,60419,11107,4167,15274,12707,17320,22613,39933,2466,5212
03/06/2018,37758,22636,60394,11080,4161,15241,12696,17314,22636,39950,2461,5203
03/07/2018,37847,22641,60488,11143,4158,15301,12704,17329,22641,39970,2469,5217
03/08/2018,37835,22671,60506,11119,4152,15271,12716,17352,22671,40023,2466,5212
03/09/2018,37769,22586,60355,11088,4157,15245,12680,17314,22586,39900,2465,5210
03/10/2018,37681,22601,60282,11077,4121,15198,12675,17304,22601,39905,2451,5179
03/11/2018,37795,22621,60416,11113,4169,15282,12691,17324,22621,39945,2456,5189
03/12/2018,37849,22600,60449,11127,4168,15295,12676,17317,22600,39917,2480,5237
03/13/2018,37782,22520,60302,11134,4174,15308,12644,17258,22520,39778,2470,5216
03/14/2018,37786,22550,60336,11122,4178,15300,12665,17274,22550,39824,2468,5212
03/15/2018,37840,22585,60425,11151,4184,15335,12679,17289,22585,39874,2471,5216
03/16/2018,37738,22580,60318,11089,4165,15254,12668,17267,22580,39847,2470,5217
03/17/2018,37711,22601,60312,11094,4156,15250,12674,17267,22601,39868,2460,5194
03/18/2018,37771,22610,60381,11142,4159,15301,12683,17271,22610,39881,2463,5199
03/19/2018,37762,22593,60355,11122,4153,15275,12680,17279,22593,39872,2468,5208
03/20/2018,37851,22570,60421,11177,4183,15360,12667,17258,22570,39828,2480,5233
